?d Distribution
Sample:	01-2krpm-3mm-S1
Sample Mass (mg):	12
File:	14 03 2014 02-10-36.accdb
Method:	01-SURFACE-ENERGY-50C
Temperature (K):	323.150795253631
Method:	Schultz		Method:	Schultz		Method:	Dorris/Gray		Method:	Dorris/Gray
Parameter:	Peak Max		Parameter:	Peak Com		Parameter:	Peak Max		Parameter:	Peak Com
R^2:	0.774901227018198		R^2:	0.907369917222439		R^2:	0.773983342203857		R^2:	0.907565245473402
Dispersive Surface Energy [mJ/m^2]	Area Increment [%]		Dispersive Surface Energy [mJ/m^2]	Area Increment [%]		Dispersive Surface Energy [mJ/m^2]	Area Increment [%]		Dispersive Surface Energy [mJ/m^2]	Area Increment [%]
116.806176223499	0.830560827811454		116.433055562363	0.0738357246028185		121.75571303994	0.832284538250035		121.156090279561	0.0734543451603253
107.582142818153	2.18072401999121		113.120192343336	0.213076469842811		112.130523129031	2.18493704271867		117.722413668668	0.211997359239812
99.5092557862096	3.18095455780271		109.933418806183	0.34161107305667		103.707749020324	3.18664381740431		114.419090257807	0.339915450781473
92.443853682098	3.89756627481506		106.867935897389	0.460052793579965		96.3371802998161	3.90397839442884		111.241171428139	0.457815662606378
86.2602038062536	4.38577135062889		103.91912721847	0.568983717713407		89.8873714170662	4.39235790986443		108.183896426016	0.566274259664311
80.8482647228745	4.69141843513411		101.082552074004	0.668956243279128		84.2432975061546	4.6977915592077		105.24268523102	0.665838191013183
76.1117280123113	4.85246984665152		98.3539387842625	0.760494496328176		79.3043030505157	4.8583663116367		102.413131694762	0.757026485152841
71.9663044099997	4.90025589963736		95.7291782523669	0.844095683013607		74.9823068084622	4.90550824199872		99.6909969401504	0.840331581666397
68.3382238328391	4.86053898288399		93.2043177762783	0.92023137951208		71.2002309863285	4.86505235591388		97.0722030112462	0.916220601994145
65.1629226001666	4.75441533819286		90.7755550963128	0.989348762751406		67.8906266453557	4.75814907124154		94.5528267641855	0.985136562042201
62.3838944877033	4.59907847633908		88.4392326692093	1.05187178458157		64.9944708280441	4.60203147128567		92.1290939900267	1.04749952921087
59.9516851683495	4.40846472034718		86.1918321601301	1.10820229191126		62.4601139521154	4.4106639690788		89.7973737607098	1.10370772631496
57.8230121453523	4.19379840680379		84.0299691443002	1.15872109522245		60.2423587000761	4.19529003818452		87.5541729896626	1.15413858476095
55.9599945165736	3.96405173614309		81.9503880103044	1.2037889877696		58.3016539774448	3.96489410498303		85.3961311989025	1.19914974924274
54.3294788630924	3.72633208394019		79.9499570573697	1.24374771766996		56.603389564823	3.72659050112582		83.3200154847958	1.23908003611918
52.9024492659596	3.48620771671581		78.0256637792468	1.27892091499411		55.1172788847463	3.48595049173264		81.3227156749332	1.27425034754215
51.6535109520311	3.24798125405988		76.1746103275909	1.30961497587434		53.8168188756783	3.24727678098395		79.401239668865	1.30496454331358
50.5604383800726	3.01491884652345		74.3940091480089	1.33611990555952		52.6788173406258	3.01383351416978		77.552708955717	1.33151027236383
49.6037797250831	2.78944186341113		72.6811787822017	1.3587101222609		51.682979341186	2.78803861137688		75.7743543019715	1.35415976566007
48.766510722416	2.57328687852287		71.0335398298788	1.37764522355213		50.8115452608422	2.57162425476356		74.0635116029544	1.37317059227554
48.0337317116676	2.3676388811101		69.448611064366	1.39317071700959		50.0489740827872	2.36577048462149		72.4176178918122	1.38878638027338
47.3924024890606	2.17324190322889		67.9240056960548	1.40551871670465		49.3816662339013	2.17121611837266		70.8342075000014	1.40123750398729
46.831110249877	1.99049062557539		66.4574277780681	1.41490860708919		48.7977210521276	1.98835057341855		69.3109083635374	1.41074173921127
46.3398664913483	1.81950598653327		65.0466687487273	1.42154767574711		48.2867245519574	1.8172896339715		67.84543846947	1.41750488774444
45.909929261779	1.66019736045482		63.6896041056167	1.42563171642039		47.8395637030691	1.65793774044316		66.4356024372624	1.42172137267369
45.5336475927286	1.5123134798694		62.3841902062341	1.42734560365567		47.4482639099944	1.51003898628291		65.0792882299509	1.42357480571541
45.2043253458388	1.37548394269602		61.1284611904114	1.42686384035818		47.1058467944509	1.37321867159858		63.7744639901599	1.42323852788027
44.9161020513843	1.24925286131895		59.9205260198689	1.42435107948268		46.8062057440537	1.24701697706939		62.5191749962322	1.42087612466854
44.6638486180047	1.13310596843318		58.7585656304473	1.4199626210373		46.543997007961	1.13091607839507		61.3115407339131	1.41664191695082
44.4430760577153	1.02649228875809		57.6408301927262	1.41384488552347		46.3145443972718	1.02436181463251		60.1497520792034	1.41068142863747
44.2498556019073	0.928841310797561		56.5656364769066	1.40613586488578		46.1137558906161	0.926780847972657		59.0320685881604	1.40313183219202
44.0807487867591	0.83957644429261		55.5313653179864	1.396965551998		45.9380506576972	0.837594103254855		57.9568158895855	1.39412237299643
43.9327462638897	0.758125423002338		54.5364591774137	1.38645634966568		45.7842951993331	0.756227148922715		56.9223831766952	1.38377477353213
43.8032142473561	0.683928205654786		53.5794197975447	1.37472346008259		45.6497474651305	0.682118073859664		55.9272207940143	1.37220361829736
43.6898476439904	0.61644283749726		52.6588059453749	1.36187525563635		45.5320079521946	0.614723323746189		54.9698379158802	1.35951672034149
43.5906290330044	0.555149658420537		51.7732312421449	1.34801363191848		45.4289769127754	0.553521883824215		54.048800313077	1.34581547025667
43.5037927648821	0.499554179055228		50.921362075553	1.33323434375709		45.3388169077006	0.498018130130671		53.1627282042559	1.3311951684312
43.4277935406793	0.449188891769787		50.1019155914302	1.31762732505212		45.2599200377777	0.447743616606035		52.3102941889224	1.31574534133181
43.3612789125829	0.403614237623051		49.3136577618531	1.30127699316049		45.1908792687751	0.402258019449613		51.4902212588938	1.2995500425494
43.3030652163617	0.362418911735438		48.5554015267865	1.28426253854288		45.1304633385979	0.361149421392349		50.7012808852478	1.28268813930844
43.2521165074126	0.325219657148037		47.8260050064553	1.2666582003537		45.077594799155	0.324034086069508		49.942291177897	1.26523358511076
43.2075261255595	0.291660670086333		47.124369781755	1.24853352862474		45.0313308013215	0.290555845454539		49.2121151150317	1.24725567915258
43.1685005605391	0.261412716830244		46.4494392401114	1.22995363366319		44.9908462803174	0.260385200550996		48.509658839778	1.22881931312714
43.1343453310507	0.23417204343609		45.8001969842968	1.21097942325832		44.9554192416332	0.233218216543479		47.833870021521	1.20998520599587
43.1044526260818	0.209659143769329		45.1756653018088	1.19166782826279		44.9244178850948	0.20877527779694		47.1837362794367	1.19081012728663
43.0782904885777	0.187617438192267		44.5749036925048	1.17207201709043		44.8972893374399	0.186799754962289		46.5582836658724	1.17134710945143
43.0553933489746	0.167811904395928		43.9970074522762	1.1522415996471		44.8735497924636	0.167056625578963		45.9565752073014	1.15164564979241
43.0353537401347	0.150027692899923		43.4411063106282	1.13222282118849		44.8527758828962	0.14933108059258		45.3777095006692	1.13175190244228
43.0178150462445	0.134068752370073		42.9063631201147	1.11205874657604		44.834597130138	0.133427141835378		44.8208193630258	1.1117088608635
43.0024651566418	0.119756483867943		42.3919725956542	1.09178943538121		44.8186893372033	0.119166309475473		44.2850705324227	1.09155653130855
42.9890309116354	0.106928438220369		41.8971601018277	1.07145210826759		44.8047688070425	0.106386253524258		43.7696604181275	1.07133209766594
42.9772732414785	0.0954370667065017		41.421180486333	1.05108130506152		44.7925872831347	0.0949395595010823		43.273816898285	1.05107007809449
42.9669829119919	0.0851485320419168		40.9633169578386	1.03070903490252		44.7819275221196	0.0846925351438882		42.7967971632221	1.03080247383308
42.9579768011275	0.0759415840686004		40.5228800065473	1.01036491884747		44.7725994195144	0.0755240824911021		42.3378866026652	1.0105589105535
42.9500946402103	0.0677065025166913		40.0992063658433	0.990076325285796		44.7644366194208	0.0673246376213001		41.8963977352016	0.990366772608139
42.9431961618706	0.0603441076114514		39.6916580134602	0.969868498505966		44.7572935477599	0.0599951787507399		41.4716691783827	0.970251330508685
42.9371586039085	0.0537648380533444		39.2996212106651	0.949764680738419		44.7510428161277	0.053446302155998		41.0630646579249	0.950235861955746
42.9318745246738	0.0478878949686299		38.9225055780118	0.929786227985831		44.7455729499703	0.0475973644541027		40.6699720545242	0.930341766725953
42.9272498910831	0.0426404497213995		38.5597432062711	0.909952719935981		44.7407864005645	0.0423756890836635		40.2918024868571	0.910588675707719
42.9232024052488	0.0379569129822501		38.2107878012009	0.890282064240715		44.7365978053495	0.0377158343305945		39.9279894293935	0.890994554365233
42.9196600399443	0.0337782621007178		37.8751138608651	0.870790595429899		44.7329324655841	0.0335589199066918		39.5779878637003	0.871575800895722
42.9165597568389	0.0300514236145496		37.5522158842657	0.851493168718411		44.729725014182	0.0298520088731721		39.241273461964	0.852347339334553
42.9138463846972	0.0267287076081842		37.2416076100946	0.832403248950896		44.726918249965	0.0265475415931579		38.9173418015098	0.833322707849768
42.911471637576	0.0237672905971749		36.9428212844581	0.813532994919292		44.7244621175462	0.0236028183567998		38.6057076091391	0.814514142457234
42.9093932555497	0.0211287436367182		36.6554069564735	0.794893339275643		44.7223128146508	0.0209795273539416		38.3059040341555	0.795932656377161
42.9075742526721	0.0187786024189183		36.3789318006748	0.776494064254303		44.7204320109528	0.0186433147380792		38.0174819489885	0.777588115241911
42.9059822587909	0.0166859762296503		36.1129794652089	0.758343873405746		44.718786164498	0.0165633936308571		37.7400092763672	0.759489308355683
42.9045889435031	0.0148231927605513		35.8571494448389	0.740450459537017		44.7173459235225	0.0147121890487004		37.4730703420375	0.741644016198032
42.9033695120002	0.0131654759168484		35.611056477812	0.722820569042459		44.7160856029978	0.0130650158766426		37.216265252052	0.724059074352714
42.9023022638308	0.0116906539187855		35.374329965683	0.705460062802115		44.7149827265682	0.0115997871763486		36.9692092936993	0.706740434037314
42.9013682067294	0.0103788951514815		35.1466134152191	0.688373973815214		44.7140176257106	0.0102967502724866		36.7315323591766	0.689693219398056
42.9005507186382	0.00921246938482693		34.9275639015471	0.671566561729471		44.71317308897	0.00913824823050895		36.5028783911413	0.672921781729641
42.8998352519091	0.0081755321455971		34.7168515517322	0.655041364418597		44.7124340550124	0.00810850450018951		36.2829048493111	0.656429750770009
42.8992090744197	0.0072539301797027		34.5141590480138	0.638801246754163		44.7117873440237	0.00719342865982733		36.071282197314	0.640220083214347
42.8986610429989	0.0064350261025987		34.3191811499468	0.622848446710377		44.711221422663	0.0063804413488385		35.8676934090184	0.62429510858562
42.8981814051272	0.00570754047370056		34.1316242347319	0.60718461893417		44.7107261983788	0.00565831662771215		35.6718334936052	0.608656572592209
42.8977616253861	0.00506140968199848		33.9512058550403	0.591810875906901		44.7102928394198	0.00501704014134108		35.4834090386693	0.593305678097604
42.8973942335654	0.0044876581510444		33.7776543136681	0.576727826817725		44.7099136173314	0.00444768160019122		35.3021377706663	0.578243123820472
42.8970726917262	0.00397828350713534		33.61070825438	0.561935614263244		44.7095817691272	0.00394228021117372		35.1277481320465	0.563469140879128
42.8967912778555	0.00352615346196187		33.4501162683252	0.547433948882737		44.709291376679	0.00349374181856622		34.9599788744418	0.548983527287692
42.8965449840395	0.00312491327634918		33.2956365154339	0.533222142032732		44.709037261174	0.0030957466114537		34.7985786672963	0.534785680506951
42.8963294273447	0.00276890276925705		33.1470363602229	0.519299136599891		44.7088148907569	0.00274266636732521		34.6433057213554	0.520874628147982
42.8961407718216	0.00245308193105571		33.0040920214638	0.505663536047312		44.7086202997089	0.00242949028642131		34.4939274264477	0.507249056921975
42.8959756602421	0.00217296428665027		32.866588235184	0.492313631782902		44.7084500177242	0.00215175856452938		34.3502200030177	0.493907339924766
42.8958311543551	0.00192455723025641		32.7343179304946	0.479247428936689		44.708301008021	0.00190550292601329		34.2119681668881	0.480847562341285
42.8957046825992	0.00170430863377949		32.6070819177566	0.466462670627666		44.708170613184	0.00168719341631684		34.0789648067486	0.468067545650256
42.8955939943402	0.00150905908714258		32.4846885886154	0.453956860798176		44.7080565077723	0.00149369081731567		33.9510106738875	0.455564870406098
42.89549711982	0.00133599920156375		32.3669536274522	0.441727285689636		44.7079566568482	0.00132220411039586		33.8279140837033	0.443336897671033
42.8954123351035	0.00118263145066164		32.2536997338178	0.429771034030222		44.7078692796862	0.00117025247124999		33.7094906285465	0.431380789167306
42.8953381314001	0.00104673608712071		32.1447563554312	0.418085016000818		44.7077928180158	0.00103563132427727		33.5955629014642	0.419693526215504
42.8952731882143	0.000926340707097479		32.0399594313396	0.406665981043594		44.7077259082319	0.000916382038002286		33.4859602304313	0.40827192752238
42.8952163498467	0.000819693086266556		31.9391511448542	0.395510534573696		44.707667357076	0.000810764882159803		33.3805184226713	0.397112665877981
42.8951666048272	0.000725236943401733		31.8421796858903	0.384615153651498		44.7076161203559	0.000717234900602869		33.2790795186836	0.386212283819561
42.8951230679161	0.00064159032319093		31.748899022351	0.373976201670528		44.7075712843244	0.000634420398754539		33.1814915556087	0.375567208316225
42.8950849643502	0.000567526324469666		31.6591686802145	0.363589942113351		44.7075320493826	0.000561103764499895		33.087608339577	0.365173764526575
42.8950516160556	0.000501955921528484		31.5728535319892	0.353452551424981		44.7074977158209	0.000496204378181665		32.9972892266994	0.355028188678308
42.8950224295812	0.000443912661069436		31.489823593222	0.343560131050988		44.7074676713399	0.000438763386586972		32.9103989123727	0.345126640116452
42.8949968855376	0.000392539027660801		31.4099538267508	0.333908718685435		44.7074413801313	0.00038793014485596		32.8268072285833	0.33546521256536
42.8949745293548	0.000347074307062376		31.3331239544074	0.324494298771196		44.7074183733217	0.000342950144145417		32.7463889489065	0.326039944645884
42.894954963192	0.000306843779531531		31.2592182758872	0.315312812293376		44.7073982406115	0.000303154267502721		32.6690236009075	0.316846829689306
42.8949378388588	0.000271249104347605		31.1881254945128	0.306360165904372		44.7073806229569	0.000267949230116555		32.5945952856655	0.307881824884783
42.8949228516182	0.000239759763345805		31.1197385496292	0.297632240417169		44.7073652061676	0.000236809074394568		32.5229925041485	0.299140859798149
42.8949097347642	0.000211905452942573		31.053954455378	0.289124898702043		44.707351715303	0.000209267607803948		32.4541079901795	0.290619844295561
42.894898254875	0.000187269316400085		30.9906741456081	0.280833993019466		44.7073399097692	0.000184911678352015		32.3878385497443	0.282314675905758
42.8948882076599	0.000165481928656763		30.9298023246891	0.272755371820745		44.7073295790282	0.000163375198087062		32.3240849063988	0.274221246651404
42.894879414323	0.000146215950315192		30.8712473240031	0.264884886046612		44.7073205388431	0.000144333832283532		32.2627515525464	0.266335449379425
42.8948717183822	0.000129181376340282		30.8149209638979	0.257218394951508		44.7073126279928	0.00012750027968456		32.20374660636	0.25865318361928
42.894864982884	0.00011412131625857		30.7607384208951	0.2497517714813		44.7073057053963	0.000112620082248371		32.1469816741366	0.251170360994366
42.8948590879665	0.000100808245005215		30.7086180999518	0.242480907229279		44.7072996475973	9.94679024925275E-05		32.0923717178773	0.243882910213739
42.8948539287263	8.90406748290617E-05		30.6584815115843	0.235401716995235		44.7072943465619	8.78442193281082E-05		32.0398349278939	0.236786781666719
42.8948494133521	7.86402002024127E-05		30.6102531536687	0.228510142970486		44.7072897077522	7.75723936204117E-05		31.9892926002521	0.229877951644617
42.8948454614902	6.94488737090612E-05		30.5638603977399	0.221802158570543		44.7072856484405	6.84960659763364E-05		31.9406690188674	0.223152426210267
42.8948420028151	6.13268801179797E-05		30.5192333796184	0.215273771936603		44.7072820962337	6.04768454050072E-05		31.8938913420767	0.21660624473644
42.8948389757778	5.41504683294505E-05		30.4763048941999	0.208921029125109		44.7072789877822	5.33922614420533E-05		31.8488894935164	0.210235483133073
42.8948363265104	4.78101220025308E-05		30.435010294249	0.202740017004184		44.7072762676505	4.71339444686531E-05		31.8055960571428	0.204036256780981
42.8948340078679	4.2208931286059E-05		30.3952873930453	0.196726865874848		44.7072738873281	4.16060159555495E-05		31.763946176238	0.19800472319049
42.8948319785888	3.72611544961819E-05		30.3570763707344	0.190877751833282		44.7072718043647	3.67236565508767E-05		31.7238774562495	0.19213708440115
42.8948302025608	3.28909377582162E-05		30.3203196842439	0.185188898890736		44.7072699816131	3.24118414221462E-05		31.6853298713194	0.18642958913866
42.8948286481785	2.9031183874509E-05		30.2849619806271	0.179656580865415		44.7072683865667	2.86042151369317E-05		31.6482456743604	0.18087853474378
42.8948272877811	2.56225476705432E-05		30.2509500137057	0.174277123061017		44.7072669907797	2.52420972609984E-05		31.612569310547	0.175480268887412
42.8948260971592	2.26125458668365E-05		30.218232563885	0.169046903745453		44.7072657693597	2.22736004098395E-05		31.5782473340903	0.170231191085642
42.8948250551254	1.99547687767392E-05		30.1867603610203	0.163962355442359		44.7072647005242	1.96528484128523E-05		31.545228328172	0.165127754026949
42.8948241431358	1.7608181917271E-05		30.1564860102205	0.159019966047564		44.7072637652118	1.7339283965364E-05		31.5134628279186	0.160166464724133
42.8948233449613	1.55365073207719E-05		30.1273639204736	0.15421627978185		44.7072629467422	1.52970565290621E-05		31.4829032462994	0.155343885501952
42.8948226463979	1.37076750675882E-05		30.099350235991	0.149547897991309		44.7072622305189	1.34944788076712E-05		31.4535038028373	0.150656634831707
42.8948220350141	1.20933376373714E-05		30.0724027701631	0.145011479804842		44.7072616037691	1.19035454051495E-05		31.4252204550269	0.146101388022581
42.8948214999302	1.06684416771396E-05		30.0464809420294	0.140603742659		44.7072610553152	1.04995087943805E-05		31.3980108323549	0.141674877779486
42.8948210316241	9.41084572974579E-06		30.0215457151669	0.136321462699204		44.7072605753763	9.26050103840988E-06		31.3718341728268	0.137373894637015
42.8948206217618	8.30098453401943E-06		29.9975595389035	0.132161475065839		44.7072601553933	8.1672016922159E-06		31.3466512619018	0.133195287277231
42.8948202630498	7.32157065435378E-06		29.9744862917694	0.128120674073688		44.7072597878761	7.20254134086665E-06		31.322424373747	0.129135962740439
42.8948199491046	6.45733027061255E-06		29.9522912271013	0.124196013292109		44.7072594662706	6.35144226539516E-06		31.2991172147209	0.125192886535722
42.8948196743393	5.69477098561346E-06		29.9309409207157	0.120384505533401		44.7072591848413	5.6005856582612E-06		31.2766948690033	0.121363082659412
42.8948194338643	5.02197315959769E-06		29.910403220575	0.116683222756306		44.7072589385692	4.93820832958572E-06		31.2551237462889	0.117643633527562
42.8948192234002	4.42840954366856E-06		29.8906471983684	0.113089295890955		44.7072587230624	4.35392203908707E-06		31.2343715314662	0.114031679829366
42.8948190392018	3.904782172152E-06		29.8716431029364	0.109599914591507		44.7072585344775	3.838552684189E-06		31.2144071362073	0.110524420307582
42.894818877991	3.44287964281217E-06		29.8533623154677	0.106212326922147		44.7072583694514	3.38400004474714E-06		31.1952006523954	0.107119111471556
42.8948187368992	3.03545064040531E-06		29.8357773064008	0.102923838981967		44.7072582250409	2.98311212483529E-06		31.1767233073201	0.103813067248403
42.8948186134154	2.67609334724789E-06		29.8188615939673	0.0997318144736783		44.7072580986708	2.62957434273852E-06		31.1589474205741	0.100603658577292
42.8948185053422	2.35915414040568E-06		29.8025897043113	0.0966336742213646		44.7072579880873	2.31781296720658E-06		31.1418463625856	0.0974883129521749
42.8948184107564	2.07964308470334E-06		29.7869371331284	0.0936268956410602		44.7072578913184	2.04290727530789E-06		31.1253945147252	0.0944645139164379
42.8948183279747	1.83315371841922E-06		29.7718803087634	0.0907090121692828		44.7072578066382	1.8005145648665E-06		31.1095672309278	0.091529800515136
42.8948182555242	1.61579778779433E-06		29.7573965567133	0.0878776126528752		44.7072577325365	1.58680142599104E-06		31.0943408007706	0.0886817667073794
42.8948181921153	1.42414256938982E-06		29.7434640654814	0.0851303407042288		44.707257667692	1.39838541562249E-06		31.0796924139532	0.0859180607438115
42.8948181366197	1.25515833028398E-06		29.7300618537301	0.0824648940252103		44.707257610948	1.2322809013538E-06		31.0656001261262	0.0832363845119983
42.89481808805	1.10617139707382E-06		29.717169738685	0.0798790237033894		44.7072575612927	1.08585427315063E-06		31.0520428260172	0.0806344928533276
42.8948180455417	9.74822729903594E-07		29.7047683057409	0.0773705334833313		44.7072575178406	9.5678091425376E-07		31.039000203804	0.0781101928543889
42.8948180083383	8.59029759797733E-07		29.6928388792249	0.0749372790160742		44.7072574798167	8.43010554403068E-07		31.0264527206894	0.0756613431160973
42.8948179757779	7.56956005136046E-07		29.6813634942721	0.072577167089468		44.7072574465428	7.42734044692258E-07		31.0143815796308	0.0732858530025455
42.8948179472809	6.66980563955309E-07		29.6703248697715	0.070288154841975		44.7072574174257	6.54355136932291E-07		31.0027686971805	0.0709816818732589
42.8948179223404	5.87673117876283E-07		29.6597063823426	0.0680682489620601		44.707257391946	5.76466556708164E-07		30.9915966763956	0.0687468382999732
42.8948179005124	5.17772616846292E-07		29.6494920413011	0.0659155048758026		44.7072573696493	5.07826309725987E-07		30.9808487807759	0.0665793792712578
42.8948178814085	4.56166426383236E-07		29.6396664645783	0.0638280259243141		44.707257350138	4.47339530100466E-07		30.9705089091918	0.0644774093864463
42.8948178646887	4.01872757320055E-07		29.630214855557	0.0618039625335215		44.7072573330641	3.9404003602147E-07		30.9605615717633	0.0624390800409034
42.8948178500556	3.54025842963688E-07		29.6211229807885	0.0598415113773227		44.7072573181232	3.47076046052108E-07		30.950991866655	0.060462588604749
42.8948178372486	3.11862548748733E-07		29.6123771485582	0.0579389145366671		44.7072573050487	3.05696552095749E-07		30.9417854577524	0.0585461775963376
42.8948178260399	2.74709209242676E-07		29.603964188267	0.0560944586551856		44.7072572936076	2.69239309266358E-07		30.9329285531851	0.0566881338521536
42.8948178162301	2.41971926413455E-07		29.5958714305971	0.0543064740937654		44.7072572835957	2.37120006610908E-07		30.9244078846654	0.0548867876949599
42.8948178076445	2.13127301604611E-07		29.588086688433	0.0525733340847017		44.7072572748345	2.08823969463444E-07		30.9162106876119	0.0531405121010063
42.8948178001304	1.8771383336853E-07		29.5805982385086	0.0508934538867465		44.7072572671679	1.83897061123825E-07		30.9083246820271	0.0514477218677814
42.894817793554	1.65323840187817E-07		29.5733948037528	0.0492652899428332		44.7072572604589	1.61939259022433E-07		30.9007380541006	0.0498068727835397
42.8948177877984	1.45598645901358E-07		29.5664655363068	0.0476873390405397		44.7072572545881	1.4259752928592E-07		30.8934394385119	0.0482164607997749
42.894817782761	1.28222343433347E-07		29.5598000011884	0.0461581374771012		44.7072572494507	1.25561332587018E-07		30.8864179014036	0.0466750212071941
42.8948177783523	1.12915061228312E-07		29.5533881605775	0.0446762602295185		44.7072572449551	1.10555835685152E-07		30.8796629240023	0.0451811278163029
42.8948177744938	9.94316087397702E-08		29.5472203586997	0.0432403201303882		44.7072572410211	9.73402743622415E-08		30.8731643868603	0.0437333921440697
42.8948177711169	8.75548898339311E-08		29.5412873072855	0.0418489670507471		44.7072572375785	8.57010889279719E-08		30.8669125546961	0.0423304626060885
42.8948177681613	7.70941907545514E-08		29.535580071583	0.0405008870900413		44.707257234566	7.54510544214294E-08		30.8608980618101	0.0409710237161458
42.8948177655747	6.78803709478382E-08		29.5300900569024	0.0391948017741955		44.7072572319298	6.64241217275886E-08		30.8551118980545	0.0396537952936209
42.8948177633108	5.97658690611702E-08		29.5248089956735	0.037929467262252		44.707257229623	5.84754406183279E-08		30.8495453953347	0.0383775316782564
42.8948177613295	5.26196262250172E-08		29.519728934995	0.0367036735620902		44.7072572276043	5.14759197685183E-08		30.8441902146248	0.0371410209545515
42.8948177595954	4.63258677125856E-08		29.514842224658	0.0355162437555687		44.7072572258378	4.53126190293225E-08		30.8390383334744	0.0359430841847174
42.8948177580777	4.07838425953008E-08		29.5101415056255	0.0343660332337643		44.707257224292	3.98859919945885E-08		30.8340820339905	0.0347825746515037
42.8948177567495	3.59034194814176E-08		29.5056196989502	0.033251928942557		44.7072572229393	3.51079989416269E-08		30.829313891276	0.0336583771106977
42.894817755587	3.16056833888172E-08		29.5012699951138	0.0321728486384369		44.7072572217555	3.09011304681519E-08		30.8247267623061	0.0325694070544089
42.8948177545696	2.7821874571159E-08		29.4970858437729	0.0311277401558881		44.7072572207197	2.71977825047184E-08		30.8203137752278	0.0315146099845862
42.8948177536791	2.44901834009352E-08		29.4930609438942	0.030115580685285		44.7072572198133	2.39373854041103E-08		30.8160683190653	0.0304929606972335
42.8948177528998	2.1556633981161E-08		29.4891892342656	0.0291353760626368		44.7072572190201	2.10668595774347E-08		30.8119840338164	0.0295034625783783
42.8948177522177	1.89738718037414E-08		29.4854648843688	0.0281861600706708		44.7072572183259	1.85402646946513E-08		30.8080548009247	0.0285451469105525
42.8948177516208	1.66999010185767E-08		29.4818822855986	0.027266993751588		44.7072572177185	1.63159742799675E-08		30.8042747341132	0.0276170721911171
42.8948177510984	1.46982703939319E-08		29.4784360428169	0.0263769647317365		44.707257217187	1.43582707261809E-08		30.8006381705669	0.0267183234620897
42.8948177506411	1.29361057357556E-08		29.4751209662282	0.0255151865582418		44.7072572167219	1.2635059625878E-08		30.797139662449	0.0258480116515738
42.8948177502409	1.13844524146823E-08		29.4719320635636	0.0246807980474312		44.7072572163149	1.11179964970229E-08		30.7937739687397	0.0250052729270137
42.8948177498907	1.00192783522826E-08		29.4688645325633	0.023872962645617		44.7072572159587	9.7830317029889E-09		30.7905360473849	0.0241892680600695
42.8948177495842	8.81681301438828E-09		29.4659137537446	0.0230908678015284		44.707257215647	8.60823595666029E-09		30.787421047743	0.0233991818036625
42.8948177493159	7.75907523303659E-09		29.463075283445	0.0223337243513252		44.7072572153743	7.57408660505752E-09		30.7844243033176	0.022634222280432
42.8948177490811	6.82762793742402E-09		29.460344847131	0.0216007659150369		44.7072572151356	6.66397337964178E-09		30.7815413247676	0.0218936203834269
42.8948177488756	6.00802920532528E-09		29.4577183329604	0.0208912483058193		44.7072572149267	5.86300832783109E-09		30.7787677931814	0.0211766291886422
42.8948177486958	5.2863722004808E-09		29.4551917855901	0.0202044489505053		44.707257214744	5.15829827301622E-09		30.7760995536069	0.0204825233787472
42.8948177485384	4.65155868807893E-09		29.4527614002202	0.0195396663223809		44.707257214584	4.53814413924963E-09		30.7735326088269	0.0198105986795152
42.8948177484006	4.0928953470153E-09		29.4504235168638	0.018896219386039		44.7072572144441	3.99251559617806E-09		30.7710631133714	0.0191601713071459
42.89481774828	3.60102117225041E-09		29.4481746148354	0.0182734470535372		44.7072572143216	3.51201133318904E-09		30.7686873677566	0.0185305774275537
42.8948177481745	3.16817801715333E-09		29.446011307449	0.0176707076526852		44.7072572142145	3.0896378258572E-09		30.7664018129426	0.0179211726272388
42.8948177480822	2.78733957912697E-09		29.4439303369181	0.0170873784067871		44.7072572141207	2.71801042850813E-09		30.7642030250021	0.0173313313952866
42.8948177480013	2.45246634527561E-09		29.4419285694496	0.0165228549256568		44.7072572140386	2.39067823264667E-09		30.7620877099906	0.0167604466170116
42.8948177479306	2.15737483338542E-09		29.4400029905245	0.0159765507083112		44.7072572139668	2.10304455555194E-09		30.7600526990124	0.0162079290787599
42.8948177478687	1.89783774435268E-09		29.4381507003585	0.0154478966567008		44.7072572139039	1.84972989597953E-09		30.758094943473	0.0156732069835584
42.8948177478145	1.669527000551E-09		29.4363689095346	0.0149363406006579		44.7072572138489	1.62703213866035E-09		30.756211510512	0.0151557254779247
42.8948177477671	1.46872099510663E-09		29.4346549348032	0.0144413468335868		44.7072572138008	1.43093523448038E-09		30.75439957861	0.0146549461896967
42.8948177477256	1.29208563856044E-09		29.4330061950405	0.0139623956592359		44.7072572137587	1.25869615046757E-09		30.7526564333609	0.0141703467760024
42.8948177476893	1.13644820706407E-09		29.4314202073622	0.0134989829489608		44.7072572137219	1.10704997463419E-09		30.7509794634065	0.0137014204824184
42.8948177476575	9.99521388075653E-10		29.4298945833839	0.0130506197095655		44.7072572136896	9.73577400285047E-10		30.7493661565237	0.0132476757119523
42.8948177476296	8.79205629039085E-10		29.428427025625	0.0126168316613613		44.7072572136614	8.56034808473029E-10		30.7478140958613	0.0128086356046853
42.8948177476053	7.73353387625534E-10		29.427015324048	0.01219715882669		44.7072572136367	7.53056442966156E-10		30.7463209563197	0.0123838376273169
42.894817747584	6.80255028182159E-10		29.4256573527313	0.0117911551280297		44.7072572136151	6.62311128955974E-10		30.744884501067	0.0119728331725965
42.8948177475653	5.98406671206623E-10		29.4243510666668	0.011398387996537		44.7072572135962	5.82120328416333E-10		30.7435025781889	0.011575187168507
42.894817747549	5.26025496642701E-10		29.4230944986811	0.0110184379897215		44.7072572135796	5.12182204035735E-10		30.7421731174642	0.0111904776973585
42.8948177475347	4.62769577359826E-10		29.4218857564723	0.0106508984189156		44.7072572135652	4.50291730569121E-10		30.7408941272641	0.0108182956237391
42.8948177475222	4.07048652264778E-10		29.4207230197611	0.0102953749860479		44.7072572135525	3.96100988672703E-10		30.7396636915682	0.0104582442323551
42.8948177475113	3.57736761315319E-10		29.4196045375489	0.00995148542976834		44.7072572135414	3.48057589883725E-10		30.7384799670943	0.01010993887452
42.8948177475017	3.14934683034143E-10		29.4185286254813	0.00961885918001655		44.7072572135317	3.06258306469995E-10		30.737341180537	0.00977300662366544
42.8948177474933	2.76732424467342E-10		29.4174936633115	0.00929713702209137		44.7072572135232	2.69110428190501E-10		30.7362456259111	0.00944708593989628
42.894817747486	2.43454516452875E-10		29.4164980924604	0.00898597076914644		44.7072572135158	2.36686534246099E-10		30.7351916619962	0.00913182634262563
42.8948177474796	2.13907813266709E-10		29.4155404136693	0.00868502294270659		44.7072572135093	2.08084568854721E-10		30.7341777098775	0.00882688809223059
42.8948177474739	1.88404848303626E-10		29.4146191847423	0.00839396646249039		44.7072572135036	1.83118475810996E-10		30.7332022505811	0.00853194187937976
42.894817747469	1.65469936052754E-10		29.4137330183744	0.00811248434311713		44.7072572134986	1.60859702164288E-10		30.7322638227978	0.00824666852288328
42.8948177474647	1.45400013232745E-10		29.4128805800622	0.00784026940007652		44.7072572134943	1.41349721743657E-10		30.7313610206947	0.00797075867530984
42.8948177474609	1.27979725738556E-10		29.4120605860946	0.00757702396247029		44.7072572134904	1.24381741429205E-10		30.7304924918084	0.00770391253622282
42.8948177474577	1.12469431198276E-10		29.411271801619	0.00732245959394037		44.7072572134871	1.09245521898266E-10		30.7296569350196	0.00744583957329813
42.8948177474548	9.88979234755306E-11		29.4105130387825	0.00707629682102074		44.7072572134842	9.62192834207889E-11		30.7288530986032	0.00719625825062072
42.8948177474522	8.70318523005118E-11		29.4097831549423	0.0068382648685631		44.7072572134816	8.43272389630411E-11		30.728079778354	0.00695489576424396
42.89481774745	7.66330684261399E-11		29.4090810509454	0.00660810140248966		44.7072572134794	7.43452947436993E-11		30.7273358157818	0.0067214877852644
42.8948177474481	6.71940800059933E-11		29.4084056694733	0.00638555227959144		44.7072572134774	6.52849911701505E-11		30.7266200963766	0.00649577820906392
42.8948177474464	5.89950273382739E-11		29.4077559934498	0.00617037130391287		44.7072572134757	5.74153321058856E-11		30.7259315479387	0.006277518912266
42.8948177474449	5.20539065877486E-11		29.407131044509	0.00596231999004875		44.7072572134742	5.02409357037907E-11		30.7252691389724	0.00606646951553022
42.8948177474436	4.55842853541114E-11		29.4065298815226	0.00576116733283076		44.7072572134729	4.45446204873864E-11		30.7246318771409	0.00586239715321361
42.8948177474425	4.01320473019529E-11		29.4059515991819	0.00556668958339473		44.7072572134718	3.8795310933849E-11		30.7240188077796	0.0056650762496002
42.8948177474415	3.54410470194269E-11		29.405395326635	0.00537867003141915		44.7072572134708	3.42919443283429E-11		30.7234290124659	0.00547428830055706
42.8948177474406	3.09785980294383E-11		29.4048602261752	0.00519689879343568		44.7072572134699	3.02689829094565E-11		30.7228616076435	0.00528982166211326
42.8948177474399	2.72941832295311E-11		29.4043454919793	0.00502117260726262		44.7072572134691	2.64712474233857E-11		30.7223157432989	0.00511147134429964
42.8948177474392	2.3850317165339E-11		29.4038503488944	0.00485129463195371		44.7072572134684	2.3165437632007E-11		30.7217906016873	0.00493903881096004
42.8948177474386	2.12012817116773E-11		29.4033740512704	0.00468707425318262		44.7072572134679	2.03584658401637E-11		30.7212853961086	0.00477233178522238
42.8948177474381	1.85282513716599E-11		29.4029158818369	0.0045283268948565		44.7072572134673	1.80572443526993E-11		30.7207993697279	0.0046111640604589
42.8948177474377	1.63867077644198E-11		29.4024751506236	0.00437487383527909		44.7072572134669	1.57352859507046E-11		30.7203317944425	0.00445535531629832
42.8948177474373	1.42259682480952E-11		29.4020511939207	0.00422654202906855		44.7072572134665	1.39282942595467E-11		30.7198819697904	0.00430473094022437
42.8948177474369	1.260631341909E-11		29.4016433732796	0.00408316393381118		44.7072572134662	1.21051738570874E-11		30.7194492219017	0.00415912185400853
42.8948177474366	1.09722616582715E-11		29.4012510745516	0.00394457734198263		44.7072572134659	1.08062365719229E-11		30.7190329024885	0.00401836434530028
42.8948177474364	9.88889253931472E-12		29.4008737069628	0.00381062521746369		44.7072572134656	9.49577877868597E-12		30.718632387874	0.00388229990364037
42.8948177474361	8.51218593466035E-12		29.4005107022245	0.00368115553693103		44.7072572134654	8.17380047737664E-12		30.7182470780582	0.00375077506163818
42.8948177474359	7.4084211623013E-12		29.4001615136775	0.00355602113566032		44.7072572134652	7.38752580143449E-12		30.7178763958189	0.00362364124057769
42.8948177474358	6.58119745519089E-12		29.3998256154688	0.00343507955810178		44.707257213465	6.31957470312185E-12		30.7175197858473	0.00350075460003284
42.8948177474356	5.7467752821738E-12		29.3995025017596	0.0033181929123216		44.7072572134648	5.51832336668557E-12		30.7171767139155	0.0033819758927955
42.8948177474355	5.19369315167649E-12		29.3991916859637	0.00320522772911539		44.7072572134647	4.98722794454735E-12		30.716846666077	0.00326717032297177
42.8948177474353	4.63581204390805E-12		29.3988927000148	0.0030960548252642		44.7072572134646	4.45152431918017E-12		30.7165291478959	0.00315620740890666
42.8948177474352	3.78219396180645E-12		29.3986050936613	0.00299054917033578		44.7072572134645	3.63184016982803E-12		30.716223683707	0.0030489608498573
42.8948177474352	3.50565289655779E-12		29.3983284337887	0.00288858975784062		44.7072572134644	3.36629245875892E-12		30.7159298159027	0.00294530839655753
42.8948177474351	2.93337485697598E-12		29.3980623037668	0.00279005948004869		44.7072572134643	3.09844064607533E-12		30.7156471042476	0.0028451317256653
42.894817747435	2.65083507013841E-12		29.3978063028228	0.00269484500654061		44.7072572134642	2.54545625859953E-12		30.7153751252192	0.00274831631796359
42.8948177474349	2.36589579466529E-12		29.3975600454377	0.00260283666609942		44.7072572134642	2.27184419187974E-12		30.7151134713729	0.00265475133976684
42.8948177474349	2.0785570305566E-12		29.3973231607653	0.00251392833279623		44.7072572134641	1.99592802354546E-12		30.7148617507324	0.00256432952854454
42.8948177474349	1.78881877781234E-12		29.3970952920743	0.0024280173144388		44.7072572134641	1.7177077535967E-12		30.7146195862017	0.00247694708109246
42.8948177474348	1.79601724371903E-12		29.3968760962106	0.00234500424524377		44.707257213464	1.43718338203345E-12		30.7143866150009	0.00239250354582973
42.8948177474348	1.20214380641715E-12		29.3966652430809	0.00226479298145436		44.707257213464	1.44294363606966E-12		30.714162488122	0.0023109017175563
42.8948177474347	1.20694278368828E-12		29.3964624151556	0.00218729049974759		44.707257213464	1.15896311208469E-12		30.7139468698068	0.00223204753624284
42.8948177474347	1.2117417609594E-12		29.3962673069901	0.00211240679924353		44.7072572134639	1.16357131531366E-12		30.7137394370432	0.00215584998766595
42.8948177474347	9.12405553672896E-13		29.3960796247655	0.00204005480593925		44.7072572134639	8.76134638906967E-13		30.713539879082	0.0020822210083486
42.8948177474347	9.16004786626241E-13		29.3958990858458	0.00197015028055913		44.7072572134639	8.79590791328691E-13		30.7133478969707	0.00201107539229015
42.8948177474347	6.1306934638639E-13		29.3957254183522	0.00190261172861584		44.7072572134639	5.88697962500277E-13		30.7131632031062	0.00194233070103616
42.8948177474346	6.15468835021954E-13		29.395558360754	0.00183736031386174		44.7072572134638	5.91002064114759E-13		30.7129855208037	0.00187590717634766
42.8948177474346	6.17868323657517E-13		29.3953976614742	0.00177431977350169		44.7072572134638	5.93306165729242E-13		30.7128145838821	0.00181172765554476
42.8948177474346	6.2026781229308E-13		29.3952430785112	0.00171341633713517		44.7072572134638	5.95610267343724E-13		30.7126501362654	0.00174971748940312
42.8948177474346	3.11333650464322E-13		29.3950943790742	0.00165457864677551		44.7072572134638	2.98957184479103E-13		30.7124919315993	0.00168980446235596
42.8948177474346	3.12533394782103E-13		29.3949513392324	0.00159773768083064		44.7072572134638	3.00109235286345E-13		30.7123397328815	0.00163191871555726
42.8948177474346	3.13733139099885E-13		29.3948137435779	0.00154282667900212		44.7072572134638	3.01261286093586E-13		30.7121933121074	0.00157599267177463
42.8948177474346	3.14932883417666E-13		29.3946813849016	0.00148978107042412		44.7072572134638	3.02413336900827E-13		30.7120524499279	0.00152196096300077
42.8948177474346	3.16132627735448E-13		29.3945540638807	0.00143853840382893		44.7072572134638	3.03565387708068E-13		30.7119169353213	0.00146976036012318
42.8948177474346	3.17332372053229E-13		29.3944315887789	0.00138903827938732		44.7072572134638	3.0471743851531E-13		30.7117865652768	0.0014193297044009
42.8948177474346	3.18532116371011E-13		29.3943137751574	0.00134122228346563		44.7072572134638	3.05869489322551E-13		30.7116611444906	0.00137060984206837
42.8948177474346	0		29.3942004455972	0.00129503392434583		44.7072572134638	0		30.7115404850733	0.00132354355948832
42.8948177474345	3.20931605006574E-13		29.3940914294323	0.00125041857117183		44.7072572134638	3.08173590937033E-13		30.7114244062682	0.00127807552157827
42.8948177474345	0		29.3939865624919	0.00120732339377788		44.7072572134638	0		30.7113127341809	0.00123415221154931
42.8948177474345	0		29.393885686854	0.0011656973046651		44.7072572134638	0		30.7112053015184	0.00119172187246448
42.8948177474345	3.24530837959919E-13		29.3937886506071	0.00112549090329193		44.7072572134637	3.11629743358757E-13		30.7111019473388	0.00115073445085353
42.8948177474345	0		29.3936953076214	0.00108665642120093		44.7072572134637	0		30.71100251681	0.0011111415420175
42.8948177474345	0		29.3936055173292	0.00104914766963197		44.7072572134637	0		30.7109068609779	0.00107289633680412
42.8948177474345	0		29.3935191445127	0.0010129199884286		44.7072572134637	0		30.7108148365431	0.00103595357052351
42.8948177474345	3.29329815231045E-13		29.3934360591004	0.00097793019641314		44.7072572134637	3.16237946587722E-13		30.7107263056462	0.00100026947268396
42.8948177474345	0		29.3933561359719	0.000944136543836585		44.7072572134637	0		30.7106411356615	0.000965801719267484
42.8948177474345	0		29.3932792547684	0.000911498665677164		44.7072572134637	0		30.7105591989982	0.000932509385642636
42.8948177474345	0		29.3932052997125	0.000879977536764625		44.7072572134637	0		30.7104803729092	0.000900352901547013
42.8948177474345	0		29.3931341594331	0.000849535428348977		44.7072572134637	0		30.7104045393074	0.000869294007036329
42.8948177474345	0		29.3930657267979	0.00082013586589236		44.7072572134637	0		30.7103315845883	0.000839295710179564
42.8948177474345	0		29.3929998987524	0.000791743588376972		44.7072572134637	0		30.7102613994606	0.000810322245710542
42.8948177474345	0		29.3929365761642	0.000764324508378635		44.7072572134637	0		30.7101938787819	0.000782339035626234
42.8948177474345	3.38927769773298E-13		29.392875663674	0.000737845674414051		44.7072572134637	3.25454353045652E-13		30.7101289214012	0.000755312650052269
42.8948177474345	0		29.3928170695519	0.000712275233279196		44.7072572134637	0		30.7100664300077	0.000729210770281671
42.8948177474345	0		29.3927607055593	0.000687582394537292		44.7072572134637	0		30.7100063109847	0.000704002152509003
42.8948177474345	0		29.3927064868162	0.000663737395693181		44.7072572134637	0		30.7099484742695	0.00067965659261115
42.8948177474345	0		29.392654331673	0.000640711468283249		44.7072572134637	0		30.7098928332185	0.000656144892590689
42.8948177474345	0		29.3926041615877	0.00061847680582962		44.7072572134637	0		30.7098393044774	0.000633438827298319
42.8948177474345	0		29.3925559010077	0.000597006531853461		44.7072572134637	0		30.7097878078563	0.00061151111302171
42.8948177474345	0		29.3925094772562	0.000576274669463058		44.7072572134637	0		30.7097382662094	0.000590335376376541
42.8948177474345	0		29.3924648204221	0.000556256112042541		44.7072572134637	0		30.7096906053198	0.00056988612479248
42.8948177474345	0		29.3924218632556	0.00053692659418995		44.7072572134637	0		30.7096447537879	0.000550138717400369
42.8948177474345	0		29.3923805410661	0.000518262664573076		44.7072572134637	0		30.7096006429249	0.000531069337229463
42.8948177474345	0		29.3923407916255	0.000500241658723095		44.7072572134637	0		30.7095582066495	0.000512654964203194
42.8948177474345	0		29.3923025550739	0.000482841673207071		44.7072572134637	0		30.7095173813889	0.00049487334884555
42.8948177474345	0		29.3922657738297	0.000466041540685028		44.7072572134637	0		30.7094781059842	0.000477702987003153
42.8948177474345	0		29.3922303925032	0.000449820805342336		44.7072572134637	0		30.7094403215977	0.000461123095276319
42.8948177474345	0		29.3921963578124	0.000434159699605982		44.7072572134637	0		30.7094039716257	0.000445113587552605
42.8948177474345	0		29.3921636185036	0.000419039121361147		44.7072572134637	0		30.7093690016135	0.00042965505148802
42.8948177474345	0		29.3921321252737	0.0004044406118392		44.7072572134637	0		30.7093353591732	0.000414728726830418
42.8948177474345	0		29.3921018306962	0.00039034633430527		44.7072572134637	0		30.7093029939061	0.000400316483541658
42.8948177474345	0		29.3920726891496	0.00037673905353554		44.7072572134637	0		30.7092718573268	0.000386400801260694
42.8948177474345	0		29.3920446567487	0.000363602115932171		44.7072572134637	0		30.7092419027902	0.000372964748758315
42.8948177474345	0		29.3920176912789	0.000350919430024499		44.7072572134637	0		30.7092130854224	0.000359991964848457
42.8948177474345	0		29.3919917521321	0.000338675447901865		44.7072572134637	0		30.7091853620527	0.000347466639398593
42.8948177474345	0		29.3919668002456	0.000326855147140447		44.7072572134637	0		30.7091586911497	0.000335373494821409
42.8948177474345	0		29.3919427980439	0.000315444013393058		44.7072572134637	0		30.7091330327584	0.000323697768759404
42.8948177474345	0		29.3919197093812	0.000304428023432391		44.7072572134637	0		30.7091083484405	0.00031242519685784
42.8948177474345	0		29.3918974994877	0.000293793628527895		44.7072572134637	0		30.7090846012173	0.00030154199610173
42.8948177474345	0		29.3918761349169	0.00028352773933084		44.7072572134637	0		30.7090617555135	0.000291034849158318
42.8948177474345	0		29.3918555834952	0.000273617709613152		44.7072572134637	0		30.7090397771048	0.000280890888325212
42.8948177474345	0		29.3918358142737	0.000264051322281638		44.7072572134637	0		30.7090186330659	0.000271097681363361
42.8948177474345	0		29.3918167974814	0.000254816774672254		44.7072572134637	0		30.7089982917214	0.000261643216147007
42.8948177474345	0		29.3917985044803	0.000245902664580019		44.7072572134637	0		30.7089787225985	0.000252515887247088
42.8948177474345	0		29.3917809077224	0.000237297977296062		44.7072572134637	0		30.7089598963813	0.000243704482345085
42.8948177474345	0		29.3917639807084	0.000228992072214046		44.7072572134637	0		30.7089417848667	0.000235198168671788
42.8948177474345	0		29.3917476979473	0.000220974670431828		44.7072572134637	0		30.7089243609223	0.000226986480850049
42.8948177474345	0		29.3917320349184	0.000213235842837346		44.7072572134637	0		30.7089075984459	0.000219059308288484
42.8948177474345	0		29.3917169680343	0.000205765998104562		44.7072572134637	0		30.7088914723259	0.000211406883502379
42.8948177474345	0		29.3917024746055	0.000198555871449752		44.7072572134637	0		30.7088759584044	0.000204019770581095
42.8948177474345	0		29.3916885328058	0.000191596513625491		44.7072572134637	0		30.7088610334403	0.000196888854052432
42.8948177474345	0		29.3916751216398	0.000184879280664815		44.7072572134637	0		30.7088466750749	0.000190005328208573
42.8948177474345	0		29.3916622209114	0.000178395822946579		44.7072572134637	0		30.7088328617984	0.00018336068657474
42.8948177474345	0		29.3916498111929	0.00017213807593642		44.7072572134637	0		30.7088195729174	0.000176946712206336
42.8948177474345	0		29.3916378737961	0.00016609825022709		44.7072572134637	0		30.7088067885244	0.000170755467581538
42.8948177474345	0		29.3916263907443	0.000160268822538149		44.7072572134637	0		30.7087944894672	0.000164779285543366
42.8948177474345	0		29.3916153447448	0.000154642526282001		44.7072572134637	0		30.708782657321	0.000159010760005929
42.8948177474345	0		29.391604719163	0.000149212343575451		44.7072572134637	0		30.7087712743605	0.000153442737158422
42.8948177474345	0		29.3915944979976	0.000143971496233189		44.7072572134637	0		30.708760323533	0.00014806830728154
42.8948177474345	0		29.3915846658563	0.000138913438081498		44.7072572134637	0		30.7087497884335	0.000142880796212426
42.8948177474345	0		29.3915752079325	0.000134031846880256		44.7072572134637	0		30.7087396532797	0.000137873757491012
42.8948177474345	0		29.3915661099833	0.000129320616931428		44.7072572134637	0		30.7087299028882	0.000133040964762681
42.8948177474345	0		29.3915573583079	0.000124773851722115		44.7072572134637	0		30.7087205226524	0.000128376404298964
42.8948177474345	0		29.3915489397268	0.000120385856607611		44.7072572134637	0		30.70871149852	0.000123874267991677
42.8948177474345	0		29.3915408415622	0.00011615113237133		44.7072572134637	0		30.7087028169721	0.000119528946037045
42.8948177474345	0		29.3915330516189	0.000112064368329322		44.7072572134637	0		30.7086944650031	0.000115335020558438
42.8948177474345	0		29.3915255581659	0.00010812043607172		44.7072572134637	0		30.7086864301013	0.000111287259188184
42.8948177474345	0		29.3915183499184	0.000104314383124501		44.7072572134637	0		30.7086787002297	0.000107380608359929
42.8948177474345	0		29.3915114160214	0.000100641427217332		44.7072572134637	0		30.7086712638084	0.000103610187823773
42.8948177474345	0		29.391504746033	9.70969502772315E-05		44.7072572134637	0		30.7086641096971	9.99712843883676E-05
42.8948177474345	0		29.3914983299085	9.36764931508908E-05		44.7072572134637	0		30.7086572271784	9.64593462483823E-05
42.8948177474345	0		29.3914921579859	9.03757496948071E-05		44.7072572134637	0		30.7086506059419	9.30699780148263E-05
42.8948177474345	0		29.3914862209705	8.71905621388873E-05		44.7072572134637	0		30.7086442360685	8.97989345762979E-05
42.8948177474345	0		29.3914805099217	8.41169157251175E-05		44.7072572134637	0		30.7086381080155	8.6642116843575E-05
42.8948177474345	0		29.3914750162391	8.11509338937587E-05		44.7072572134637	0		30.7086322126027	8.35955663370618E-05
42.8948177474345	0		29.3914697316495	7.82888735481506E-05		44.7072572134637	0		30.7086265409984	8.06554605024454E-05
42.8948177474345	0		29.3914646481947	7.55271207254414E-05		44.7072572134637	0		30.7086210847062	7.78181079456062E-05
42.8948177474345	0		29.3914597582195	7.28621858203794E-05		44.7072572134637	0		30.708615835552	7.50799443650948E-05
42.8948177474345	0		29.3914550543599	7.02906996549798E-05		44.7072572134637	0		30.7086107856722	7.24375279516667E-05
42.8948177474345	0		29.3914505295321	6.7809409219162E-05		44.7072572134637	0		30.7086059275018	6.98875350803835E-05
42.8948177474345	0		29.3914461769222	6.54151738403066E-05		44.7072572134637	0		30.7086012537629	6.74267568262842E-05
42.8948177474345	0		29.3914419899754	6.31049611919476E-05		44.7072572134637	0		30.7085967574539	6.50520942782522E-05
42.8948177474345	0		29.3914379623864	6.08758436333582E-05		44.7072572134637	0		30.708592431839	6.27605556252811E-05
42.8948177474345	0		29.39143408809	5.87249947788991E-05		44.7072572134637	0		30.708588270438	6.05492518899551E-05
42.8948177474345	0		29.3914303612518	5.66496857529385E-05		44.7072572134637	0		30.708584267017	5.8415393715736E-05
42.8948177474345	0		29.3914267762595	5.46472821200762E-05		44.7072572134637	0		30.7085804155785	5.63562878527366E-05
42.8948177474345	0		29.3914233277142	5.27152406751644E-05		44.7072572134637	0		30.7085767103527	5.43693339225652E-05
42.8948177474345	0		29.3914200104228	5.08511059809638E-05		44.7072572134637	0		30.708573145789	5.24520214162395E-05
42.8948177474345	0		29.3914168193896	4.90525075412555E-05		44.7072572134637	0		30.7085697165473	5.06019261830167E-05
42.8948177474345	0		29.3914137498091	4.73171572884574E-05		44.7072572134637	0		30.7085664174905	4.88167079027957E-05
42.8948177474345	0		29.3914107970588	4.56428459932726E-05		44.7072572134637	0		30.7085632436764	4.70941072190555E-05
42.8948177474345	0		29.3914079566921	4.4027441216256E-05		44.7072572134637	0		30.7085601903502	4.54319424193003E-05
42.8948177474345	0		29.3914052244316	4.24688843550154E-05		44.7072572134637	0		30.7085572529379	4.38281076557276E-05
42.8948177474345	0		29.3914025961626	4.09651880695328E-05		44.7072572134637	0		30.708554427039	4.22805695394094E-05
42.8948177474345	0		29.3914000679272	3.95144342075547E-05		44.7072572134637	0		30.7085517084202	4.07873652301853E-05
42.8948177474345	0		29.391397635918	3.81147709349825E-05		44.7072572134637	0		30.7085490930088	3.93465995454439E-05
42.8948177474345	0		29.3913952964727	3.67644105943854E-05		44.7072572134637	0		30.7085465768866	3.79564430921421E-05
42.8948177474345	0		29.3913930460682	3.54616280214035E-05		44.7072572134637	0		30.7085441562844	3.66151297441276E-05
42.8948177474345	0		29.3913908813154	3.42047574397073E-05		44.7072572134637	0		30.7085418275758	3.53209544973229E-05
42.8948177474345	0		29.3913887989546	3.2992191409906E-05		44.7072572134637	0		30.7085395872724	3.40722714356284E-05
42.8948177474345	0		29.3913867958497	3.18223779012156E-05		44.7072572134637	0		30.7085374320179	3.28674916449325E-05
42.8948177474345	0		29.3913848689843	3.06938193178087E-05		44.7072572134637	0		30.7085353585838	3.17050813522137E-05
42.8948177474345	0		29.3913830154566	2.9605069756514E-05		44.7072572134637	0		30.7085333638637	3.05835599616769E-05
42.8948177474345	0		29.3913812324753	2.85547336545019E-05		44.7072572134637	0		30.7085314448695	2.95014980982717E-05
42.8948177474345	0		29.3913795173554	2.75414643415084E-05		44.7072572134637	0		30.7085295987264	2.84575161622322E-05
42.8948177474345	0		29.3913778675141	2.65639615621719E-05		44.7072572134637	0		30.7085278226687	2.74502823412063E-05
42.8948177474345	0		29.3913762804668	2.56209706989767E-05		44.7072572134637	0		30.7085261140357	2.64785110249987E-05
42.8948177474345	0		29.3913747538236	2.4711280561635E-05		44.7072572134637	0		30.7085244702679	2.55409613498219E-05
42.8948177474345	0		29.3913732852853	2.38337224215919E-05		44.7072572134637	0		30.7085228889026	2.4636435536543E-05
42.8948177474345	0		29.3913718726406	2.29871680163332E-05		44.7072572134637	0		30.708521367571	2.37637773593326E-05
42.8948177474345	0		29.391370513762	2.217052857387E-05		44.7072572134637	0		30.7085199039939	2.29218708045862E-05
42.8948177474345	0		29.3913692066031	2.13827533360678E-05		44.7072572134637	0		30.7085184959789	2.21096387536297E-05
42.8948177474345	0		29.3913679491956	2.06228280474881E-05		44.7072572134637	0		30.7085171414165	2.13260414621048E-05
42.8948177474345	0		29.3913667396458	1.98897738863529E-05		44.7072572134637	0		30.7085158382776	2.05700753475778E-05
42.8948177474345	0		29.3913655761323	1.91826462490156E-05		44.7072572134637	0		30.7085145846099	1.98407718622945E-05
42.8948177474345	0		29.3913644569028	1.85005336253111E-05		44.7072572134637	0		30.7085133785355	1.91371961082607E-05
42.8948177474345	0		29.3913633802719	1.78425559064931E-05		44.7072572134637	0		30.7085122182474	1.84584457091771E-05
42.8948177474345	0		29.3913623446183	1.72078642830918E-05		44.7072572134637	0		30.7085111020075	1.78036497133151E-05
42.8948177474345	0		29.3913613483823	1.65956392615716E-05		44.7072572134637	0		30.7085100281436	1.7171967702173E-05
42.8948177474345	0		29.3913603900636	1.60050900335363E-05		44.7072572134637	0		30.708508995047	1.65625882959574E-05
42.8948177474345	0		29.3913594682192	1.54354535239045E-05		44.7072572134637	0		30.70850800117	1.59747285594282E-05
42.8948177474345	0		29.3913585814608	1.48859933558966E-05		44.7072572134637	0		30.7085070450237	1.54076328653335E-05
42.8948177474345	0		29.391357728453	1.43559987317435E-05		44.7072572134637	0		30.7085061251757	1.48605717913209E-05
42.8948177474345	0		29.3913569079111	1.38447839615913E-05		44.7072572134637	0		30.7085052402481	1.43328416381424E-05
42.8948177474345	0		29.3913561185997	1.33516873042854E-05		44.7072572134637	0		30.7085043889151	1.38237629334946E-05
42.8948177474345	0		29.3913553593299	1.28760700296833E-05		44.7072572134637	0		30.7085035699014	1.33326802037961E-05
42.8948177474345	0		29.3913546289584	1.2417315891633E-05		44.7072572134637	0		30.70850278198	1.28589607901288E-05
42.8948177474345	0		29.3913539263853	1.19748303399642E-05		44.7072572134637	0		30.7085020239706	1.24019939956644E-05
42.8948177474345	0		29.3913532505526	1.15480394052369E-05		44.7072572134637	0		30.7085012947377	1.1961190749109E-05
42.8948177474345	0		29.3913526004425	1.11363895541117E-05		44.7072572134637	0		30.7085005931887	1.15359822446863E-05
42.8948177474345	0		29.3913519750761	1.07393462929159E-05		44.7072572134637	0		30.7084999182727	1.11258197505982E-05
42.8948177474345	0		29.3913513735114	1.03563941796837E-05		44.7072572134637	0		30.7084992689787	1.07301738107295E-05
42.8948177474345	0		29.3913507948427	9.98703576855843E-06		44.7072572134637	0		30.7084986443339	1.03485331292574E-05
42.8948177474345	0		29.3913502381985	9.6307909724728E-06		44.7072572134637	0		30.7084980434026	9.98040475749431E-06
42.8948177474345	0		29.3913497027406	9.287196600364E-06		44.7072572134637	0		30.7084974652846	9.62531265036617E-06
42.8948177474345	0		29.3913491876625	8.9558058202093E-06		44.7072572134637	0		30.7084969091138	9.28279764814593E-06
42.8948177474345	0		29.3913486921886	8.63618742049636E-06		44.7072572134637	0		30.7084963740569	8.95241654447579E-06
42.8948177474345	0		29.3913482155727	8.32792524669418E-06		44.7072572134637	0		30.7084958593125	8.63374162261519E-06
42.8948177474345	0		29.3913477570972	8.03061787944748E-06		44.7072572134637	0		30.7084953641094	8.32636030278043E-06
42.8948177474345	0		29.3913473160715	7.74387804992016E-06		44.7072572134637	0		30.7084948877058	8.02987441415836E-06
42.8948177474345	0		29.3913468918315	7.46733197925086E-06		44.7072572134637	0		30.708494429388	7.74389957502938E-06
42.8948177474345	0		29.3913464837384	7.20061902458991E-06		44.7072572134637	0		30.7084939884694	7.46806505125598E-06
42.8948177474345	0		29.3913460911776	6.94339131674755E-06		44.7072572134637	0		30.7084935642894	7.20201324033994E-06
42.8948177474345	0		29.3913457135579	6.69531326097946E-06		44.7072572134637	0		30.7084931562126	6.94539865146598E-06
42.8948177474345	0		29.3913453503106	6.45606089873486E-06		44.7072572134637	0		30.7084927636277	6.69788835106165E-06
42.8948177474345	0		29.3913450008888	6.22532183821549E-06		44.7072572134637	0		30.7084923859466	6.45916092494705E-06
42.8948177474345	0		29.3913446647662	6.00279459887987E-06		44.7072572134637	0		30.7084920226035	6.22890616787443E-06
42.8948177474345	0		29.3913443414366	5.7881883329801E-06		44.7072572134637	0		30.708491673054	6.00682476591022E-06
42.8948177474345	0		29.3913440304131	5.58122247556016E-06		44.7072572134637	0		30.7084913367745	5.79262822128038E-06
42.8948177474345	0		29.3913437312274	5.38162625665972E-06		44.7072572134637	0		30.7084910132612	5.58603764765878E-06
42.8948177474345	0		29.3913434434289	5.18913853081843E-06		44.7072572134637	0		30.7084907020295	5.38678448957946E-06
42.8948177474345	0		29.3913431665842	5.00350740548083E-06		44.7072572134637	0		30.7084904026132	5.19460923861872E-06
42.8948177474345	0		29.3913429002764	4.8244895337694E-06		44.7072572134637	0		30.7084901145636	5.00926176704318E-06
42.8948177474345	0		29.3913426441044	4.65185077673794E-06		44.7072572134637	0		30.7084898374493	4.83050046427655E-06
42.8948177474345	0		29.3913423976825	4.48536456498192E-06		44.7072572134637	0		30.7084895708552	4.65809256174977E-06
42.8948177474345	0		29.3913421606395	4.32481281302353E-06		44.7072572134637	0		30.7084893143818	4.49181325490354E-06
42.8948177474345	0		29.3913419326186	4.16998492344601E-06		44.7072572134637	0		30.7084890676449	4.33144563765161E-06
42.8948177474345	0		29.3913417132763	4.02067770494705E-06		44.7072572134637	0		30.708488830275	4.17678050666554E-06
42.8948177474345	0		29.3913415022823	3.87669528759577E-06		44.7072572134637	0		30.7084886019164	4.02761609728948E-06
42.8948177474345	0		29.3913412993188	3.73784863495885E-06		44.7072572134637	0		30.7084883822269	3.88375755790479E-06
42.8948177474345	0		29.3913411040803	3.60395524847107E-06		44.7072572134637	0		30.7084881708776	3.7450171214885E-06
42.8948177474345	0		29.3913409162727	3.47483933544546E-06		44.7072572134637	0		30.7084879675518	3.61121344159789E-06
42.8948177474345	0		29.3913407356132	3.35033117175342E-06		44.7072572134637	0		30.7084877719448	3.48217162704003E-06
42.8948177474345	0		29.3913405618296	3.23026706034657E-06		44.7072572134637	0		30.7084875837638	3.35772301707882E-06
42.8948177474345	0		29.3913403946604	3.11448901791752E-06		44.7072572134637	0		30.7084874027266	3.23770482258629E-06
42.8948177474345	0		29.3913402338538	3.00284479424083E-06		44.7072572134637	0		30.7084872285622	3.12196002069189E-06
42.8948177474345	0		29.3913400791675	2.89518728029286E-06		44.7072572134637	0		30.7084870610097	3.01033705147963E-06
42.8948177474345	0		29.3913399303688	2.79137492652926E-06		44.7072572134637	0		30.7084868998179	2.90268990074775E-06
42.8948177474345	0		29.3913397872333	2.69127087153174E-06		44.7072572134637	0		30.7084867447455	2.7988775288928E-06
42.8948177474345	0		29.3913396495458	2.59474321829646E-06		44.7072572134637	0		30.7084865955602	2.69876381514014E-06
42.8948177474345	0		29.3913395170987	2.50166483429974E-06		44.7072572134637	0		30.7084864520384	2.60221756567071E-06
42.8948177474345	0		29.3913393896926	2.41191280490211E-06		44.7072572134637	0		30.7084863139651	2.50911238918346E-06
42.8948177474345	0		29.3913392671356	2.3253689782354E-06		44.7072572134637	0		30.7084861811335	2.4193259759174E-06
42.8948177474345	0		29.3913391492433	2.24191900087301E-06		44.7072572134637	0		30.7084860533447	2.33274055633375E-06
42.8948177474345	0		29.391339035838	2.16145285867793E-06		44.7072572134637	0		30.7084859304071	2.24924256977922E-06
42.8948177474345	0		29.391338926749	2.08386410922265E-06		44.7072572134637	0		30.7084858121366	2.16872219491843E-06
42.8948177474345	0		29.391338821812	2.00905049029172E-06		44.7072572134637	0		30.708485698356	2.09107400487688E-06
42.8948177474345	0		29.391338720869	1.93691300642889E-06		44.7072572134637	0		30.7084855888949	2.01619562854832E-06
42.8948177474345	0		29.3913386237679	1.86735646559063E-06		44.7072572134637	0		30.7084854835893	1.94398893450453E-06
42.8948177474345	0		29.3913385303626	1.80028876539459E-06		44.7072572134637	0		30.7084853822814	1.87435888414095E-06
42.8948177474345	0		29.3913384405123	1.7356212888715E-06		44.7072572134637	0		30.7084852848195	1.80721384661059E-06
42.8948177474345	0		29.3913383540818	1.6732685333361E-06		44.7072572134637	0		30.7084851910575	1.74246558070631E-06
42.8948177474345	0		29.3913382709408	1.61314773366549E-06		44.7072572134637	0		30.7084851008551	1.68002887847266E-06
42.8948177474345	0		29.3913381909643	1.55517960719822E-06		44.7072572134637	0		30.708485014077	1.61982154157087E-06
42.8948177474345	0		29.3913381140317	1.49928727219363E-06		44.7072572134637	0		30.7084849305933	1.56176415342899E-06
42.8948177474345	0		29.3913380400273	1.44539663736981E-06		44.7072572134637	0		30.7084848502788	1.50578045911596E-06
42.8948177474345	0		29.3913379688395	1.39343637060077E-06		44.7072572134637	0		30.7084847730134	1.45179659247121E-06
42.8948177474345	0		29.3913379003611	1.34333751132029E-06		44.7072572134637	0		30.7084846986812	1.39974131580928E-06
42.8948177474345	0		29.3913378344891	1.29503378960912E-06		44.7072572134637	0		30.7084846271709	1.34954612556884E-06
42.8948177474345	0		29.3913377711242	1.24846094964946E-06		44.7072572134637	0		30.7084845583754	1.30114474218542E-06
42.8948177474345	0		29.391337710171	1.20355735154752E-06		44.7072572134637	0		30.7084844921916	1.25447334815573E-06
42.8948177474345	0		29.3913376515377	1.16026329012756E-06		44.7072572134637	0		30.7084844285203	1.20947027824832E-06
42.8948177474345	0		29.3913375951361	1.11852131029063E-06		44.7072572134637	0		30.7084843672661	1.16607625697151E-06
42.8948177474345	0		29.3913375408811	1.07827609407579E-06		44.7072572134637	0		30.7084843083374	1.12423387845528E-06
42.8948177474345	0		29.3913374886911	1.03947405721837E-06		44.7072572134637	0		30.7084842516458	1.08388777182138E-06
42.8948177474345	0		29.3913374384875	1.00206366326592E-06		44.7072572134637	0		30.7084841971064	1.04498490717024E-06
42.8948177474345	0		29.3913373901947	9.65995161659608E-07		44.7072572134637	0		30.7084841446374	1.00747365301608E-06
42.8948177474345	0		29.3913373437399	9.31220757841482E-07		44.7072572134637	0		30.7084840941604	9.71304354858611E-07
42.8948177474345	0		29.3913372990533	8.97693984634237E-07		44.7072572134637	0		30.7084840455996	9.36429431885031E-07
42.8948177474345	0		29.3913372560674	8.65370378087595E-07		44.7072572134637	0		30.7084839988823	9.02802424414344E-07
42.8948177474345	0		29.3913372147176	8.3420684606177E-07		44.7072572134637	0		30.7084839539386	8.70379203753426E-07
42.8948177474345	0		29.3913371749416	8.04161907387453E-07		44.7072572134637	0		30.7084839107011	8.39116455235688E-07
42.8948177474345	0		29.3913371366795	7.75195640212225E-07		44.7072572134637	0		30.708483869105	8.08973100791722E-07
42.8948177474345	0		29.3913370998737	7.47269408741441E-07		44.7072572134637	0		30.708483829088	7.79909056362175E-07
42.8948177474345	0		29.3913370644687	7.20345954816536E-07		44.7072572134637	0		30.7084837905902	7.51885812855317E-07
42.8948177474345	0		29.3913370304113	6.94389416556928E-07		44.7072572134637	0		30.7084837535539	7.24866244308772E-07
42.8948177474345	0		29.3913369976501	6.69365347001908E-07		44.7072572134637	0		30.7084837179237	6.98814626529067E-07
42.8948177474345	0		29.3913369661358	6.45240139318862E-07		44.7072572134637	0		30.708483683646	6.73696299715733E-07
42.8948177474345	0		29.391336935821	6.21981708242227E-07		44.7072572134637	0		30.7084836506697	6.49477968781774E-07
42.8948177474345	0		29.39133690666	5.99559062552689E-07		44.7072572134637	0		30.7084836189452	6.26127578244993E-07
42.8948177474345	0		29.3913368786089	5.77942319835348E-07		44.7072572134637	0		30.7084835884251	6.03613970378597E-07
42.8948177474345	0		29.3913368516254	5.57102496836067E-07		44.7072572134637	0		30.7084835590636	5.81907472282544E-07
42.8948177474345	0		29.3913368256689	5.37011746757269E-07		44.7072572134637	0		30.7084835308168	5.6097897919035E-07
42.8948177474345	0		29.3913368007003	5.17643374016104E-07		44.7072572134637	0		30.7084835036423	5.4080104488291E-07
42.8948177474345	0		29.3913367766821	4.98971397402697E-07		44.7072572134637	0		30.7084834774995	5.21346529128013E-07
42.8948177474345	0		29.391336753578	4.80970861865847E-07		44.7072572134637	0		30.7084834523491	5.02589834377369E-07
42.8948177474345	0		29.3913367313533	4.6361785171771E-07		44.7072572134637	0		30.7084834281535	4.84505763683947E-07
42.8948177474345	0		29.3913367099744	4.46888897976863E-07		44.7072572134637	0		30.7084834048764	4.67070545131785E-07
42.8948177474345	0		29.3913366894093	4.30761820127566E-07		44.7072572134637	0		30.708483382483	4.50260756333807E-07
42.8948177474345	0		29.3913366696269	4.15215057264084E-07		44.7072572134637	0		30.7084833609398	4.34054206306331E-07
42.8948177474345	0		29.3913366505974	4.00227600436142E-07		44.7072572134637	0		30.7084833402144	4.18429145823071E-07
42.8948177474345	0		29.3913366322921	3.85779611249155E-07		44.7072572134637	0		30.7084833202758	4.03365007032572E-07
42.8948177474345	0		29.3913366146836	3.71851594241746E-07		44.7072572134637	0		30.7084833010941	3.88841462906402E-07
42.8948177474345	0		29.3913365977453	3.58425015641324E-07		44.7072572134637	0		30.7084832826406	3.74839388369028E-07
42.8948177474345	0		29.3913365814517	3.45481777274259E-07		44.7072572134637	0		30.7084832648877	3.61339989607043E-07
42.8948177474345	0		29.3913365657782	3.33004607657315E-07		44.7072572134637	0		30.7084832478087	3.48325400385729E-07
42.8948177474345	0		29.3913365507012	3.2097668644113E-07		44.7072572134637	0		30.7084832313781	3.35778174978674E-07
42.8948177474345	0		29.3913365361981	3.09381959768949E-07		44.7072572134637	0		30.7084832155713	3.236815908741E-07
42.8948177474345	0		29.391336522247	2.98204917272947E-07		44.7072572134637	0		30.7084832003645	3.1201950905278E-07

