?d Distribution
Sample:	002-8mg-SE
Sample Mass (mg):	8
File:	10 03 2014 11-45-52.accdb
Method:	002-SURFACE-ENERGY-REDONE
Temperature (K):	323.148969736408
Method:	Schultz		Method:	Schultz		Method:	Dorris/Gray		Method:	Dorris/Gray
Parameter:	Peak Max		Parameter:	Peak Com		Parameter:	Peak Max		Parameter:	Peak Com
R^2:	0.925588776134026		R^2:	0.98569111328309		R^2:	0.925343675625671		R^2:	0.985821411467813
Dispersive Surface Energy [mJ/m^2]	Area Increment [%]		Dispersive Surface Energy [mJ/m^2]	Area Increment [%]		Dispersive Surface Energy [mJ/m^2]	Area Increment [%]		Dispersive Surface Energy [mJ/m^2]	Area Increment [%]
104.17700319568	0.565981684232434		102.961622995646	0.0537987507409654		108.622202811211	0.565581315616483		107.252638300756	0.0533800166072049
97.734648220441	1.52203541931651		100.816726397219	0.156145362654915		101.904040673533	1.52101928211772		105.026495221142	0.154950179272762
91.9597308045051	2.27391714273864		98.7416121823233	0.251775510509404		95.8816504532668	2.27248947498301		102.872497706733	0.24988083954645
86.7831034238255	2.85367032159119		96.7340100405599	0.341017892277646		90.4829739667698	2.85199215991758		100.78830764071	0.338495668627269
82.1427823407129	3.28889035421539		94.791723524145	0.424186927296816		85.6434157947047	3.2870870689578		98.7716626806978	0.421104331897943
77.9832054249117	3.60330229215302		92.9126276448522	0.501583337437364		81.3050703947935	3.60146994449447		96.820373803047	0.498003056783304
74.254566865517	3.81726659870612		91.0946665491365	0.573494705570145		77.4160292592678	3.81547729141588		94.9323229266938	0.569475178512295
70.9122208077263	3.94822165428846		89.3358512688968	0.640196012193448		73.9297598271198	3.94652802379915		93.1054606140312	0.635791664619345
67.9161467737114	4.01107068637997		87.6342575454147	0.701950151049786		70.8045487198098	4.00950966337465		91.3378038462892	0.697211618990091
65.230470466683	4.01851988994275		85.9880237240896	0.75900842453174		68.0030026387212	4.01711583779688		89.6274338710116	0.753982766226221
62.8230342203671	3.98137369875722		84.3953487176676	0.811611019645935		65.4916009525744	3.98014102375419		87.9724941192929	0.806341917075849
60.6650119505543	3.90879245699854		82.854490035734	0.859987465276091		63.2402946214894	3.90773777089862		86.3711881905131	0.854515415647901
58.7305639982421	3.80851711260828		81.3637618783156	0.90435707145791		61.2221466588035	3.80764101662572		84.8217779023849	0.898719569102398
56.9965277315406	3.68706499998619		79.9215332915047	0.944929351352576		59.4130098287522	3.68636354927784		83.322581404195	0.939161060482742
55.4421402016813	3.5499002906856		78.5262263830899	0.981904426579339		57.7912377236524	3.54936618987219		81.8719713511921	0.976037345331339
54.0487895322756	3.40158225959064		77.1763145962385	1.01547341654363		56.3374257636111	3.40120583243174		80.4683731381401	1.00953703270627
52.7997920650167	3.24589413377916		75.8703210393437	1.04581881237291		55.0341790198097	3.24566410375501		79.110263190119	1.03984025119326
51.6801925934173	3.0859549560171		74.6068168702093	1.0731148360496		53.8659040833589	3.08585906908837		77.7961673087176	1.06711900048547
50.6765852926302	2.92431659933267		73.3844197328022	1.09752778530892		52.8186224894235	2.92434211544279		76.5246590718239	1.09153748908214
49.7769532012054	2.76304780875119		72.2017922448655	1.11921636484703		51.8798034642309	2.76318188459127		75.2943582852753	1.11325245863639
48.9705243327757	2.60380691691669		71.0576405347347	1.13833200436609		51.0382139937699	2.60403689900978		74.103929484688	1.13241349546321
48.2476426947866	2.44790467836336		69.9507128257573	1.15501916396127		50.2837844202475	2.44821832255512		72.9520804858402	1.14916332969861
47.5996526698767	2.29635848940478		68.8797980667681	1.16941562733734		49.6074879581572	2.29674412031132		71.8375609820345	1.16363812258399
47.0187953755197	2.14993910415006		67.8437246071197	1.18165278332328		49.0012326883638	2.15038572594447		70.7591611869173	1.17596774233017
46.4981157609614	2.00921081951509		66.8413589148202	1.19185589613582		48.4577647379089	2.00970818758733		69.7157105212827	1.18627602900074
46.0313793290521	1.87456598105627		65.8716043363758	1.20014436482635		47.9705814870773	1.87510464250687		68.7060763424344	1.19468104883569
45.6129974858218	1.74625455505411		64.9333998969792	1.20663197232876		47.5338537652453	1.74682586464424		67.7291627147272	1.20129533842224
45.2379606239493	1.62440941877215		64.0257191397353	1.2114271245101		47.1423561045788	1.62500553581949		66.7839092199527	1.20622613910329
44.9017781388846	1.50906793869504		63.147569002649	1.2146330796114		46.791404217063	1.50968180944209		65.8692898062791	1.20957562200062
44.6004246593891	1.4001903344385		62.2979887321516	1.21634816845035		46.4767989467755	1.40081566361124		64.9843116744942	1.21144110401373
44.3302918486732	1.29767526274551		61.476048831973	1.21666600574458		46.1947760267872	1.29830647733422		64.1280142003439	1.21191525514429
44.0881451990062	1.2013730004706		60.6808500462127	1.21567569289998		45.94196103953	1.20200520819033		63.2994678917958	1.21108629748043
43.8710853024705	1.11109655678061		59.9115223754944	1.21346201259568		45.7153290417318	1.1117255011889		62.4977733800961	1.20903819616436
43.6765131341216	1.02663100214944		59.1672241251306	1.21010561548503		45.5121683708268	1.02725301599249		61.7220604435244	1.20585084265371
43.5020989318658	0.947741264361082		58.4471409842535	1.20568319931955		45.3300481997849	0.948353222388707		60.9714870627876	1.20160023057563
43.3457543004284	0.874178609030978		57.7504851349053	1.20026768079114		45.1667894521515	0.874777881239484		60.2452385070259	1.19635862446103
43.2056072053915	0.805685993541456		57.0764943901147	1.19392836037672		45.0204387292944	0.806270399575691		59.5425264494413	1.19019472163617
43.079979557888	0.742002458264788		56.4244313600137	1.18673108045919		44.8892449378971	0.742570223522197		58.8625881115854	1.18317380753739
42.9673671215539	0.682866697087136		55.793582645086	1.1787383769871		44.7716383380445	0.683416410911628		58.2046854353807	1.17535790470563
42.8664215011501	0.628019930150977		55.1832580556603	1.17000962492637		44.6662117612106	0.628550506380617		57.5681042819746	1.16680591570719
42.7759339971904	0.577208185075859		54.5927898567986	1.16060117774776		44.5717037734203	0.577718825108149		56.9521536565576	1.15757376021774
42.6948211332532	0.530184078388444		54.02153203775	1.15056650118354		44.4869835821327	0.530674236845507		56.3561649583035	1.14771450649785
42.6221116826861	0.486708176235236		53.4688596051734	1.13995630147936		44.4110375062546	0.487177529249833		55.7794912546179	1.13727849748001
42.5569350393629	0.446550002430698		52.9341678993531	1.12881864835736		44.3429568473984	0.446998418523551		55.2215065789075	1.12631347167742
42.498510793247	0.409488752309725		52.4168719326626	1.11719909289926		44.281927017263	0.409916265793263		54.6816052511067	1.1148646791187
42.4461393859426	0.375313762522289		51.916405749549	1.10514078054937		44.2272177910461	0.375720549336271		54.1592012202254	1.1029749925034
42.3991937343445	0.343824779678763		51.4322218073416	1.09268455943124		44.1781745702701	0.344211135544286		53.6537274282037	1.09068501376635
42.3571117220898	0.314832064481238		50.9637903772037	1.07986908416175		44.1342105504803	0.31519838524669		53.1646351943828	1.0780331762319
42.3193894689074	0.288156362545914		50.5105989645753	1.0667309153427		44.094799700102	0.288503126589184		52.6913936199242	1.06505584253176
42.2855752972716	0.263628768420311		50.0721517484699	1.05330461489972		44.0594704664475	0.26395652096808		52.2334890115307	1.05178739845386
42.2552643241205	0.241090505239493		49.6479690390148	1.03962283743459		44.0278001335662	0.241399844462473		51.7904243238436	1.03826034288306
42.2280936128794	0.220392638959786		49.2375867526384	1.02571641774875		43.9994097644284	0.220684203705936		51.3617186199113	1.02450537398861
42.2037378277429	0.201395743092131		48.8405559043329	1.01161445469048		43.9739596669253	0.201670202121263		50.9469065491421	1.01055147180676
42.1819053381791	0.183969527257076		48.456442116435	0.997344391472943		43.9511453294374	0.184227569846513		50.5455378421773	0.996425977362309
42.1623347270129	0.167992440657645		48.0848251433888	0.982932092603049		43.9306937773383	0.168234768454919		50.157176822133	0.982154668465977
42.1447916602774	0.153351259653716		47.7252984119696	0.968401917557416		43.9123603068405	0.153578579656781		49.7814019316827	0.967761832320422
42.1290660813534	0.139940666987371		47.377468576466	0.953776791335401		43.8959255571028	0.140153685542193		49.4178052754662	0.953270335062232
42.1149696957998	0.127662828816777		47.0409550883343	0.93907827201412		43.8811928855679	0.12786224652831		49.0659921773281	0.938701688361568
42.1023337167599	0.116426974528552		46.7153897798534	0.924326615426336		43.8679860151245	0.116613481987906		48.7255807519057	0.924076113197985
42.0910068439462	0.106148983292572		46.4004164613256	0.909540837076909		43.8561469249434	0.106323257532133		48.3962014901005	0.909412600925042
42.0808534520062	0.0967509804724315		46.0956905313813	0.894738771408278		43.8455339597512	0.0969136820662299		48.0774968579844	0.894728971732247
42.0717519665757	0.0881609462872117		45.800878599963	0.879937128523095		43.8360201349176	0.0883127170207971		47.7691209087046	0.880041930609626
42.0635934085756	0.0803123385168113		45.5156581235747	0.865151548465665		43.8274916170787	0.0804537995593122		47.4707389069658	0.865367120914442
42.0562800893212	0.0731437305434974		45.2397170523981	0.850396653161874		43.8198463621156	0.0732754810573651		47.1820269656827	0.850719175637566
42.0497244408211	0.066598465598364		44.9727534888902	0.835686096111638		43.8129928941913	0.0667210817325132		46.902671694407	0.836111766461905
42.043847967258	0.0606243277438885		44.7144753574871	0.821032609926062		43.806849211238	0.0607383619565485		46.6323698591499	0.821557650701834
42.0385803050981	0.0551732298317998		44.4646000850547	0.806448051796197		43.8013418037989	0.0552792104999818		46.3708280532275	0.807068716210538
42.0338583805743	0.0502009184540559		44.2228542917349	0.791943446977966		43.7964047754836	0.0502993497254751		46.1177623787747	0.792656024336244
42.0296256544557	0.0456666957123494		43.9889734918507	0.777529030374446		43.791979054515	0.0457580575648164		45.8728981385805	0.778329851007915
42.0258314450597	0.041533157489472		43.7627018045409	0.763214286292648		43.7880116869325	0.0416179059652481		45.6359695379098	0.764099726025582
42.0224303214015	0.0377659477901157		43.5437916738105	0.749007986450385		43.7844552029955	0.0378445153737568		45.4067193959891	0.749974470629325
42.019381559214	0.0343335286287866		43.3320035976875	0.73491822630424		43.7812670492056	0.034406324745671		45.1848988668431	0.735962233416346
42.0166486533245	0.0312069648819884		43.1271058661929	0.720952459768203		43.7784090791519	0.0312743764933444		44.9702671691769	0.722070524674757
42.0141988805507	0.0283597234735561		42.9288743078342	0.707117532388837		43.7758470970877	0.0284221157471368		44.762591325014	0.708306249198018
42.0120029078807	0.0257674862311749		42.7370920443475	0.693419713041177		43.7735504487764	0.02582520327279		44.5616459068034	0.694675737643007
42.0100344412461	0.0234079757388448		42.5515492534186	0.679864724205663		43.7714916547126	0.0234613413672727		44.3672127927233	0.681184776491566
42.0082699106832	0.0212607934990506		42.3720429391234	0.666457770885946		43.7696460813279	0.0213101120524805		44.1790809299142	0.667838636673027
42.0066881881116	0.0193072697251513		42.1983767098372	0.653203568222995		43.7679916462495	0.0193528268878613		43.9970461053862	0.654642100903067
42.0052703343514	0.0175303240899804		42.0303605633696	0.640106367860334		43.7665085540835	0.0175723877282238		43.8209107243499	0.641599489791961
42.00399937235	0.0159143367722984		41.8678106790895	0.62716998311211		43.7651790595621	0.0159531577744255		43.6504835957318	0.628714686773516
42.0028600839027	0.0144450291640474		41.7105492168136	0.614397812984379		43.7639872552204	0.014480842273815		43.4855797246407	0.615991161903314
42.0018388274334	0.0131093536184203		41.5584041222372	0.601792865096957		43.7629188810632	0.0131423782592218		43.3260201115594	0.603431994573945
42.0009233746536	0.0118953916469597		41.4112089386962	0.589357777552588		43.7619611539432	0.0119258327306102		43.1716315580454	0.59103989519164
42.0001027641436	0.0107922599991048		41.2688026250519	0.577094839797385		43.7611026146101	0.0108203087146803		43.0222464787269	0.578817225858529
41.9993671701032	0.00979002408144619		41.131029379502	0.56500601251475		43.7603329906002	0.00981585866356321		42.8777027193934	0.56676602010202
41.9987077846997	0.00887961820636375		40.997738469123	0.55309294659437		43.7596430733259	0.00890340467806465		42.7378433809803	0.554888001690547
41.9981167126049	0.00805277218261688		40.8687840649589	0.5413570012144		43.7590246078944	0.00807466507148517		42.6025166492588	0.543184602575814
41.9975868764584	0.0073019437911855		40.7440250824744	0.529799261075479		43.7584701943375	0.00732208681835052		42.4715756300447	0.531656979996424
41.997111932125	0.00662025671239866		40.6233250271992	0.518420552821413		43.7579731990709	0.006638783453273		42.344878189748	0.520306032780204
41.996686192731	0.00600144350310909		40.5065518453946	0.507221460683023		43.7575276755227	0.00601847801822673		42.2222868010901	0.509132416878059
41.9963045605715	0.00543979324089426		40.3935777795775	0.496202341375917		43.7571282929825	0.00545545067779954		42.103668393821	0.498136560162192
41.9959624660715	0.00493010348100032		40.284279228746	0.485363338286552		43.7567702728194	0.00494449064728108		41.9888942102743	0.48731867652056
41.9956558130707	0.00446763619589037		40.1785366131512	0.474704394975489		43.7564493313053	0.00448085210248314		41.8778396656039	0.47667877927743
41.9953809297769	0.0040480773850406		40.0762342434697	0.464225268027875		43.7561616283597	0.00406021376178614		41.7703842125495	0.466216693968255
41.9951345248012	0.00366750007056403		39.9772601942313	0.453925539279466		43.7559037216033	0.00367864185346255		41.6664112105855	0.455932070497725
41.9949136477477	0.00332233040738251		39.8815061813662	0.443804627444946		43.7556725251695	0.00333255619898466		41.5658077993102	0.445824394706796
41.9947156538854	0.00300931666330534		39.788867443734	0.433861799174409		43.7554652727822	0.00301869916656769		41.4684647759383	0.435892999374303
41.9945381724818	0.00272550083504972		39.6992426285091	0.424096179563338		43.7552794846566	0.00273410726175506		41.3742764767637	0.426137074678309
41.9943790784157	0.002468192687712		39.6125336802936	0.414506762139534		43.7551129378292	0.00247608514323184		41.283140662464	0.416555678139256
41.9942364667314	0.00223494602262879		39.5286457338384	0.405092418349895		43.7549636395592	0.00224218186568802		41.1949584071216	0.40714774406946
41.9941086298299	0.00202353698626126		39.4474870102547	0.395851906569725		43.7548298034857	0.00203016916809934		41.1096339908422	0.397912092548634
41.9939940370214	0.00183194425610678		39.3689687166012	0.386783880654187		43.7547098282539	0.00183802163720842		41.0270747958528	0.388847437947433
41.9938913161985	0.00165833094430132		39.2930049487398	0.377886898053788		43.7546022783544	0.00166389859071667		40.9471912059671	0.37995239701845
41.9937992374056	0.0015010280782713		39.2195125973501	0.369159427512029		43.7545058669476	0.00150612753894081		40.8698965093093	0.371225496573754
41.9937166981126	0.00135851952318018		39.1484112570026	0.360599856364229		43.7544194404664	0.00136318908887439		40.7951068041898	0.362665180767358
41.9936427100131	0.0012294282278652		39.07962313819	0.352206497455652		43.754341964814	0.00123370317278041		40.7227409080326	0.354269818000228
41.9935763871909	0.0011125036782869		39.0130729822205	0.343977595695002		43.7542725129904	0.00111641648583609		40.6527202692523	0.346037707464241
41.9935169355116	0.00100661046054761		38.9486879788794	0.335911334261205		43.7542102540013	0.00101019103160563		40.5849688819893	0.337967085341869
41.9934636431148	0.000910717832113326		38.8863976867706	0.328005840477477		43.754154442915	0.000913993682162479		40.519413203606	0.330056130676716
41.9934158718896	0.00082389022143899		38.8261339562487	0.320259191368754		43.7541044119491	0.000826886660407054		40.4559820748587	0.322302970929436
41.9933730498344	0.00074527857127352		38.7678308548589	0.312669418917083		43.7540595624809	0.000748018873602518		40.3946066426553	0.314705687233631
41.9933346642078	0.000674112454325422		38.7114245952027	0.305234515027412		43.7540193578842	0.000676618014574152		40.3352202853172	0.307262319365662
41.9933002553892	0.000609692893567475		38.6568534651503	0.29795243621874		43.7539833171093	0.000611983372477786		40.2777585402625	0.299970870440451
41.9932694113754	0.000551385827623641		38.6040577603235	0.290821108052042		43.7539510089265	0.000553479287100615		40.2221590340335	0.292829311346492
41.9932417628473	0.000498616161955947		38.5529797187751	0.283838429307603		43.7539220467668	0.000500529189217482		40.168361414592	0.285835584932176
41.9932169787479	0.000450862356036553		38.5035634577936	0.277002275923444		43.7538960840968	0.000452610180151231		40.1163072858079	0.278987609954432
41.993194762318	0.00040765149979885		38.455754912764	0.270310504705366		43.7538728102717	0.000409248098580848		40.0659401440718	0.272283284800636
41.9931748475434	0.000368554834717683		38.4095017780174	0.263760956820664		43.7538519468193	0.000370013033909836		40.0172053169617	0.265720490995219
41.993156995969	0.000333183682300118		38.3647534496055	0.257351461083656		43.7538332441072	0.000334515247098866		39.970049903897	0.25929709649954
41.9931409938442	0.000301185739979691		38.3214609699361	0.251079837044847		43.7538164783567	0.000302401460057886		39.9244227187163	0.253010958816422
41.9931266495634	0.000272241716556427		38.2795769742106	0.244943897891753		43.7538014489648	0.000273351484249197		39.8802742341159	0.246859927907075
41.9931137913715	0.000246062273543244		38.2390556386038	0.238941453170974		43.7537879761041	0.000247075156207489		39.8375565278889	0.240841848930228
41.9931022653073	0.000222385245818794		38.1998526301298	0.233070311339546		43.7537758985711	0.000223309552096288		39.7962232309068	0.234954564811826
41.9930919333605	0.000200973116164092		38.1619250581383	0.22732828215468		43.7537650718576	0.000201816458357241		39.756229476787	0.229195918652457
41.9930826718188	0.000181610723052899		38.1252314273899	0.221713178908497		43.7537553664215	0.000182380073189904		39.7175318531909	0.223563755982254
41.9930743697866	0.000164103176957433		38.0897315926576	0.216222820516655		43.7537466661368	0.000164804919477709		39.6800883547012	0.218055926868298
41.9930669278573	0.00014827397002509		38.055386714805	0.210855033466756		43.7537388669041	0.000148913949429181		39.6438583372256	0.212670287883637
41.9930602569229	0.000133963258331568		38.0221592182939	0.205607653634485		43.7537318754053	0.000134546824646478		39.6088024738787	0.207404703943539
41.9930542771073	0.000121026304482384		37.9900127500743	0.200478527973105		43.7537256079867	0.000121558352791048		39.5748827122937	0.202257050016175
41.9930489168094	0.000109332062195529		37.9589121398118	0.195465516083453		43.7537199896585	0.000109817071499963		39.5420622333171	0.197225212713338
41.9930441118464	9.87618941270974E-05		37.9288233614087	0.190566491670034		43.7537149531969	9.92039609655083E-05		39.5103054110424	0.192307091767859
41.9930398046847	8.92084059600545E-05		37.8997134957774	0.185779343888542		43.7537104383406	8.96112768083022E-05		39.4795777741391	0.187500601402494
41.9930359437513	8.05743908294793E-05		37.8715506948249	0.181101978591466		43.7537063910691	8.09414913490205E-05		39.4498459684347	0.182803671596993
41.9930324828164	7.27718719100949E-05		37.8443041466087	0.176532319475685		43.7537027629565	7.31063330060188E-05		39.4210777207095	0.178214249257414
41.9930293804395	6.57212312393278E-05		37.8179440416267	0.172068309138052		43.7536995105923	6.60259152199746E-05		39.3932418036646	0.173730299292869
41.9930265994735	5.93504244314105E-05		37.7924415402032	0.167707910043235		43.7536965950619	5.96279464836393E-05		39.3663080020258	0.169349805605512
41.9930241066197	5.35942642867405E-05		37.7677687409373	0.163449105408827		43.7536939814808	5.38470131585928E-05		39.3402470797451	0.165070771996262
41.9930218720292	4.8393773417245E-05		37.743898650176	0.159289900011365		43.7536916385773	4.86239322395547E-05		39.3150307482659	0.160891222993239
41.9930198689457	4.36955981066468E-05		37.720805152482	0.155228320918667		43.7536895383185	4.39051599983537E-05		39.2906316358161	0.156809204604318
41.9930180733845	3.94514754895761E-05		37.6984629820615	0.151262418150695		43.7536876555747	3.96422604263948E-05		39.267023257697	0.152822785000074
41.9930164638462	3.56177511971677E-05		37.6768476951217	0.147390265274924		43.7536859678188	3.57914205954625E-05		39.2441799875347	0.148930055129546
41.9930150210585	3.21549423480325E-05		37.6559356431278	0.14360995993784		43.7536844548567	3.23130136475683E-05		39.2220770294628	0.145129129272409
41.9930137277457	2.90273432695967E-05		37.6357039469299	0.139919624337316		43.7536830985858	2.91712003963681E-05		39.2006903912077	0.141418145532375
41.993012568422	2.62026643497974E-05		37.6161304717319	0.136317405638672		43.7536818827781	2.63335703779141E-05		39.179996858045	0.137795266273336
41.993011529206	2.36517089141403E-05		37.5971938028742	0.132801476337649		43.7536807928866	2.3770816823298E-05		39.1599739676004	0.134258678502295
41.9930105976543	2.1348078840634E-05		37.5788732224052	0.129370034573488		43.7536798158706	2.14564397098056E-05		39.140599985468	0.130806594202352
41.9930097626128	1.92679077974612E-05		37.5611486864138	0.126021304394523		43.75367894004	1.93664807129985E-05		39.121853881617	0.127437250618036
41.9930090140828	1.73896194019632E-05		37.5440008031009	0.122753535979786		43.7536781549155	1.74792787371121E-05		39.103715307565	0.124148910495767
41.9930083431016	1.56937106744231E-05		37.5274108115628	0.11956500581828		43.7536774511031	1.57752538353627E-05		39.0861645742898	0.120939862282295
41.993007741635	1.41625516950822E-05		37.511360561266	0.116454016849283		43.7536768201816	1.42367057806762E-05		39.0691826308572	0.117808420283903
41.9930072024813	1.27802085328459E-05		37.4958324921888	0.113418898565525		43.753676254602	1.28476359225861E-05		39.0527510437419	0.11475292478727
41.9930067191848	1.15322806761048E-05		37.4808096156103	0.110458007081851		43.7536757475971	1.15935855447864E-05		39.0368519768185	0.111771742146689
41.9930062859584	1.04057535759185E-05		37.4662754955228	0.107569725170787		43.7536752931006	1.04614862611139E-05		39.0214681720001	0.108863264837165
41.993005897615	9.38886724682522E-06		37.4522142306504	0.104752462268399		43.7536748856744	9.43952935515211E-06		39.0065829305058	0.106025911477373
41.9930055495045	8.47099527678533E-06		37.4386104370514	0.102004654450787		43.7536745204436	8.51704322467348E-06		38.992180094734	0.103258126823306
41.9930052374588	7.64253561058666E-06		37.4254492312876	0.0993247643843762		43.7536741930382	7.68438598812702E-06		38.9782440307241	0.100558381735515
41.9930049577415	6.89481375839117E-06		37.412716214141	0.09671128125121		43.7536738995408	6.93284572404699E-06		38.9647596111856	0.097925173120059
41.9930047070033	6.21999291884501E-06		37.4003974548596	0.0941627206506074		43.7536736364398	6.25455127755196E-06		38.9517121990786	0.0953570238465563
41.9930044822419	5.61099306472174E-06		37.3884794759168	0.0916776244796438		43.753673400587	5.64239237076113E-06		38.9390876317247	0.092852482644206
41.9930042807662	5.06141866022744E-06		37.3769492382655	0.089254560792807		43.7536731891604	5.08994530191377E-06		38.9268722054343	0.0904101239767508
41.9930041001637	4.56549368174642E-06		37.3657941270734	0.0868921236438159		43.7536729996305	4.59140776519767E-06		38.9150526606315	0.0880285478991648
41.9930039382718	4.11800022490248E-06		37.3550019379205	0.0845889329094026		43.7536728297294	4.14153914924238E-06		38.903616167461	0.0857063798954568
41.9930037931522	3.71422619845215E-06		37.3445608634475	0.0823436340969122		43.7536726774242	3.73560578166848E-06		38.8925503118615	0.0834422707016386
41.9930036630672	3.34991547396665E-06		37.3344594804374	0.0801548981378059		43.7536725408926	3.36933202552473E-06		38.8818430820906	0.0812348961120419
41.9930035464592	3.02122538867384E-06		37.3246867373179	0.0780214211666985		43.753672418501	3.03885797405894E-06		38.8714828556866	0.0790829567723944
41.9930034419319	2.72468516692745E-06		37.3152319420702	0.0759419242886079		43.753672308785	2.74069605985232E-06		38.861458386852	0.0769851779600027
41.9930033482339	2.45716170016341E-06		37.306084750531	0.0739151533338396		43.7536722104319	2.47169871430533E-06		38.8517587942468	0.0749403093517317
41.9930032642431	2.21582475508196E-06		37.2972351550757	0.0719398786031446		43.7536721222648	2.22902300220184E-06		38.8423735491772	0.0729471247814608
41.9930031889538	1.99812023698196E-06		37.2886734736694	0.0700148946026852		43.7536720432287	2.01010154207538E-06		38.8332924641664	0.0710044219875517
41.9930031214647	1.80174188160357E-06		37.2803903392737	0.0681390197712067		43.7536719723781	1.81261793077626E-06		38.8245056818969	0.0691110223509641
41.9930030609675	1.62460722048114E-06		37.272376689599	0.0663110961977823		43.7536719088652	1.63447898826915E-06		38.8160036645102	0.0672657706262062
41.9930030067379	1.46483663068129E-06		37.2646237571893	0.0645299893347232		43.7536718519301	1.47379619460793E-06		38.8077771832539	0.0654675346635401
41.9930029581266	1.32073400930343E-06		37.2571230598306	0.0627945877020529		43.7536718008915	1.32886520237281E-06		38.7998173084638	0.0637152051256948
41.9930029145515	1.19076712657931E-06		37.2498663912705	0.0611038025879349		43.7536717551387	1.19814574672055E-06		38.7921153998714	0.0620076951984786
41.9930028754908	1.07355408618537E-06		37.2428458122398	0.0594565677433552		43.7536717141244	1.08024933299441E-06		38.7846630972246	0.0603439402956534
41.9930028404769	9.67847033225301E-07		37.2360536417668	0.0578518390732457		43.7536716773577	9.73921911347521E-07		38.7774523112133	0.0587228977599967
41.9930028090905	8.72520130987429E-07		37.2294824487737	0.0562885943232034		43.7536716443989	8.78031575129771E-07		38.770475214688	0.0571435465598059
41.9930027809557	7.86557172500557E-07		37.2231250439465	0.0547658327636351		43.7536716148534	7.91556882069505E-07		38.7637242341645	0.0556048869827089
41.9930027557358	7.09040736945913E-07		37.2169744718692	0.0532825748713427		43.7536715883678	7.13576453375404E-07		38.7571920416021	0.0541059403257178
41.9930027331287	6.39143823757957E-07		37.2110240034147	0.0518378620083597		43.7536715646253	6.43257885949155E-07		38.7508715464498	0.0526457485838218
41.9930027128637	5.7611937956506E-07		37.2052671283819	0.0504307561007455		43.7536715433416	5.79850679298285E-07		38.7447558879494	0.0512233741361798
41.9930026946982	5.19293667737913E-07		37.1996975483739	0.0490603393142457		43.7536715242622	5.22677998537614E-07		38.7388384276885	0.0498378994311145
41.9930026784146	4.68058677286002E-07		37.1943091699065	0.0477257137307537		43.7536715071588	4.71127655777712E-07		38.7331127423943	0.0484884266701827
41.9930026638181	4.21866152965199E-07		37.1890960977421	0.046426001023715		43.7536714918267	4.24649371643348E-07		38.7275726169617	0.0471740774913045
41.9930026507338	3.80220918658053E-07		37.1840526284394	0.0451603421342298		43.7536714780825	3.82744547941123E-07		38.7222120377067	0.0458939926521799
41.993002639005	3.42676990965548E-07		37.1791732441138	0.0439278969459994		43.7536714657617	3.4496489785148E-07		38.7170251858386	0.0446473317133627
41.9930026284914	3.08831079565166E-07		37.1744526064003	0.0427278439632872		43.753671454717	3.10905473237407E-07		38.712006431144	0.0434332727221625
41.993002619067	2.78319820083483E-07		37.1698855506131	0.0415593799876615		43.7536714448161	2.80200816136299E-07		38.7071503258755	0.0422510118967385
41.9930026106189	2.50816202578145E-07		37.1654670800953	0.0404217197971342		43.7536714359405	2.52521153926859E-07		38.7024515988378	0.0410997633123371
41.9930026030461	2.26024049121034E-07		37.1611923607514	0.0393140958271187		43.7536714279842	2.27569291027765E-07		38.6979051496661	0.0399787585871062
41.9930025962579	2.03676788567524E-07		37.1570567157597	0.0382357578517775		43.7536714208519	2.05077580572694E-07		38.6935060432903	0.0388872465714208
41.9930025901729	1.83534120022324E-07		37.1530556204545	0.03718597266915		43.7536714144583	1.8480368055802E-07		38.6892495045772	0.0378244930372923
41.9930025847184	1.65378541352368E-07		37.1491846973764	0.0361640237868295		43.7536714087268	1.6652920388713E-07		38.685130913148	0.0367897803707158
41.9930025798289	1.4901540778481E-07		37.145439711483	0.0351692111110455		43.7536714035889	1.50058080840131E-07		38.6811457983624	0.0357824072663525
41.993002575446	1.34267443228426E-07		37.1418165655151	0.0342008506382348		43.7536713989831	1.35212419587875E-07		38.6772898344662	0.0348016884233777
41.9930025715172	1.20975771361516E-07		37.1383112955146	0.0332582741487532		43.7536713948543	1.21832208974824E-07		38.6735588358956	0.0338469542454018
41.9930025679954	1.08997471681308E-07		37.1349200664873	0.0323408289040136		43.7536713911531	1.09773210773106E-07		38.6699487527338	0.0329175505420133
41.9930025648384	9.82021080168403E-08		37.1316391682073	0.0314478773464544		43.7536713878353	9.8905218353114E-08		38.6664556663152	0.0320128382335615
41.9930025620085	8.84742458750367E-08		37.1284650111578	0.0305787968024784		43.753671384861	8.9110922834169E-08		38.6630757849715	0.0311321930587991
41.9930025594719	7.97075316759002E-08		37.1253941226038	0.0297329791890797		43.7536713821948	8.02845052735858E-08		38.6598054399159	0.030275005285594
41.993002557198	7.18078369195273E-08		37.1224231427926	0.0289098307235005		43.7536713798047	7.23304018542613E-08		38.656641081261	0.0294406794249996
41.9930025551597	6.46895700639972E-08		37.1195488212786	0.0281087716360265		43.7536713776622	6.51629357665054E-08		38.6535792741653	0.0286286339483168
41.9930025533325	5.82752237227058E-08		37.1167680133663	0.0273292358871059		43.7536713757415	5.87043206349182E-08		38.6506166951046	0.0278383010077279
41.9930025516947	5.2496105067621E-08		37.1140776766704	0.0265706708873356		43.7536713740197	5.28842118566467E-08		38.6477501282646	0.0270691261604338
41.9930025502265	4.72884807916797E-08		37.1114748677869	0.0258325372217513		43.7536713724763	4.7640397461061E-08		38.6449764620503	0.0263205680959683
41.9930025489105	4.25966561669192E-08		37.108956739073	0.0251143083770573		43.7536713710927	4.29150732530235E-08		38.6422926857081	0.0255920983673263
41.9930025477308	3.83692946170535E-08		37.1065205355316	0.024415470473513		43.7536713698524	3.86580299561768E-08		38.6396958860579	0.0248832011263175
41.9930025466733	3.45607820444609E-08		37.1041635917969	0.023735521999647		43.7536713687406	3.48219255319854E-08		38.6371832443311	0.0241933728611538
41.9930025457253	3.11296648089601E-08		37.1018833292187	0.0230739735522398		43.7536713677439	3.13661660187417E-08		38.6347520331102	0.0235221221390537
41.9930025448756	2.80382780152946E-08		37.0996772530408	0.0224303475783349		43.7536713668504	2.82525771652325E-08		38.6323996133693	0.0228689693523507
41.9930025441139	2.52533563528077E-08		37.097542949672	0.0218041781228091		43.7536713660495	2.54473941973615E-08		38.6301234316084	0.0222334464676273
41.9930025434311	2.27446561547801E-08		37.0954780840449	0.0211950105791962		43.7536713653315	2.29201869584715E-08		38.6279210170826	0.0216150967798815
41.9930025428191	2.04847926262287E-08		37.093480397062	0.0206024014440086		43.7536713646879	2.06437152712345E-08		38.6257899791193	0.0210134746693613
41.9930025422704	1.84490699689202E-08		37.0915477031232	0.0200259180759003		43.7536713641109	1.85928087013122E-08		38.6237280045238	0.0204281453630059
41.9930025417787	1.66147965543311E-08		37.0896778877351	0.0194651384582426		43.7536713635937	1.67451589473136E-08		38.6217328550682	0.0198586846990201
41.9930025413378	1.49631298725517E-08		37.0878689051977	0.0189196509654084		43.75367136313	1.50811547831873E-08		38.6198023650616	0.0193046788964869
41.9930025409426	1.34753327716782E-08		37.0861187763661	0.0183890541338759		43.7536713627144	1.35817453846563E-08		38.6179344389999	0.0187657243271657
41.9930025405884	1.2134845103999E-08		37.084425586485	0.0178729564360636		43.7536713623418	1.22316705803342E-08		38.6161270492903	0.0182414272926159
41.9930025402709	1.09276015757091E-08		37.0827874830942	0.0173709760595296		43.7536713620078	1.10150956168537E-08		38.6143782340512	0.0177314038043695
41.9930025399862	9.84053779406078E-09		37.0812026740017	0.0168827406884617		43.7536713617084	9.91958955769602E-09		38.6126860949822	0.0172352793676389
41.9930025397311	8.86109780747043E-09		37.0796694253229	0.0164078872902711		43.75367136144	8.93270842055197E-09		38.6110487953037	0.0167526887701378
41.9930025395024	7.97908734100629E-09		37.0781860595836	0.0159460619057543		43.7536713611994	8.04375976226057E-09		38.6094645577629	0.0162832758728744
41.9930025392974	7.18488922117419E-09		37.076750953885	0.0154969194427602		43.7536713609837	7.24359564778913E-09		38.6079316627049	0.0158266934061948
41.9930025391136	6.46921655407187E-09		37.0753625381276	0.0150601234736674		43.7536713607904	6.52237047592878E-09		38.606448446206	0.0153826027685331
41.9930025389488	5.82525066425294E-09		37.0740192932941	0.0146353460376669		43.753671360617	5.87309510633522E-09		38.6050132982672	0.0149506738300937
41.9930025388012	5.24469608848985E-09		37.0727197497868	0.014222267444669		43.7536713604617	5.28812357148364E-09		38.6036246610672	0.0145305847380072
41.9930025386688	4.72230919433646E-09		37.0714624858205	0.0138205760856946		43.7536713603224	4.7617111859815E-09		38.6022810272709	0.0141220217282342
41.9930025385501	4.2519294979346E-09		37.0702461258662	0.0134299682443138		43.7536713601975	4.28722104582226E-09		38.6009809383933	0.0137246789378381
41.9930025384438	3.82781439605675E-09		37.0690693391468	0.0130501479135721		43.7536713600856	3.8602175823083E-09		38.5997229832168	0.0133382582234838
41.9930025383484	3.446552775283E-09		37.0679308381807	0.0126808266154991		43.7536713599853	3.4756537762233E-09		38.5985057962587	0.0129624689815912
41.993002538263	3.1027524365407E-09		37.0668293773737	0.0123217232246184		43.7536713598953	3.12916722873689E-09		38.5973280562893	0.0125970279733455
41.9930025381863	2.79365749850362E-09		37.0657637516556	0.0119725637948738		43.7536713598147	2.8173597950834E-09		38.5961884848979	0.0122416591521225
41.9930025381177	2.51480385959043E-09		37.0647327951625	0.0116330813903324		43.7536713597424	2.53623776181014E-09		38.5950858451049	0.0118960934949081
41.9930025380561	2.26412993589664E-09		37.0637353799605	0.0113030159182124		43.7536713596776	2.28358447898484E-09		38.594018940019	0.0115600688374539
41.9930025380009	2.03814352385161E-09		37.0627704148124	0.0109821139671606		43.7536713596196	2.05580781661234E-09		38.5929866115384	0.0112333297111524
41.9930025379515	1.83468004914046E-09		37.0618368439834	0.0106701286471802		43.7536713595675	1.85058335518842E-09		38.5919877390932	0.0109156271858471
41.9930025379071	1.65181228891133E-09		37.0609336460859	0.0103668194334409		43.7536713595208	1.66607787757362E-09		38.5910212384294	0.0106067187130877
41.9930025378674	1.48673168283494E-09		37.0600598329625	0.0100719520140162		43.753671359479	1.49988301743926E-09		38.5900860604318	0.0103063679747293
41.9930025378317	1.33855393393935E-09		37.0592144486047	0.00978529813948901		43.7536713594415	1.35035670683398E-09		38.5891811899854	0.0100143447335299
41.9930025377998	1.20467468701933E-09		37.0583965681068	0.0095066354772348		43.7536713594078	1.21528172861724E-09		38.5883056448731	0.00973042468724968
41.9930025377712	1.08443515858775E-09		37.0576052966541	0.0092357474672893		43.7536713593777	1.0943098169092E-09		38.5874584747102	0.00945438932578036
41.9930025377455	9.76304698062617E-10		37.056839768544	0.00897242318276781		43.7536713593507	9.8461797613336E-10		38.586638759912	0.0091860257913652
41.9930025377225	8.78437172742789E-10		37.0560991462388	0.00871645719168529		43.7536713593265	8.86634448536117E-10		38.5858456106962	0.00892512674172068
41.9930025377019	7.90971086973267E-10		37.0553826194493	0.00846764942365288		43.7536713593048	7.98029709738798E-10		38.5850781661168	0.00867149021593028
41.9930025376834	7.11729436562051E-10		37.0546894042485	0.00822580503800019		43.7536713592853	7.18374950286745E-10		38.5843355931296	0.00842491950378585
41.9930025376668	6.40822314706451E-10		37.0540187422137	0.0079907342946536		43.7536713592678	6.46396787606279E-10		38.5836170856881	0.00818522301720494
41.993002537652	5.7660897762718E-10		37.0533698995968	0.00776225242982537		43.7536713592522	5.81917685507838E-10		38.5829218638682	0.0079522141649405
41.9930025376387	5.19178210160777E-10		37.0527421665217	0.00754017953176916		43.7536713592382	5.23913265849743E-10		38.582249173022	0.00772571123025239
41.9930025376267	4.67147928351747E-10		37.0521348562074	0.00732434042127634		43.7536713592256	4.71340999825569E-10		38.5815982829584	0.00750553725018899
41.993002537616	4.20293802513093E-10		37.0515473042168	0.00711456453420704		43.7536713592144	4.24272355677757E-10		38.5809684871506	0.00729151989917214
41.9930025376064	3.78386767766538E-10		37.0509788677297	0.00691068580632605		43.7536713592042	3.81926287613898E-10		38.5803591019691	0.00708349137377778
41.9930025375978	3.40597573738783E-10		37.0504289248394	0.00671254256106616		43.7536713591952	3.4379344260452E-10		38.5797694659397	0.00688128828055373
41.9930025375901	3.06381673432374E-10		37.0498968738725	0.00651997740005613		43.7536713591871	3.09355392287776E-10		38.5791989390256	0.00668475152698918
41.9930025375832	2.75785234962311E-10		37.0493821327306	0.00633283709588089		43.7536713591798	2.78372207564036E-10		38.5786469019322	0.00649372621362058
41.993002537577	2.48251873352934E-10		37.0488841382532	0.00615097248669465		43.7536713591733	2.50310712656348E-10		38.5781127554356	0.00630806152979355
41.9930025375715	2.23215733246018E-10		37.0484023456019	0.0059742383747071		43.7536713591674	2.25498186738437E-10		38.5775959197315	0.0061276106512185
41.9930025375665	2.01012421323689E-10		37.047936227664	0.00580249342558203		43.7536713591622	2.03102535273291E-10		38.5770958338062	0.00595223064014275
41.993002537562	1.8106779564298E-10		37.0474852744761	0.00563560007074343		43.7536713591575	1.82570162986116E-10		38.5766119548273	0.00578178234742631
41.993002537558	1.62798243878356E-10		37.0470489926661	0.00547342441246436		43.7536713591533	1.64218139301718E-10		38.5761437575549	0.00561613031699279
41.9930025375545	1.46225074390587E-10		37.046626904913	0.00531583612978319		43.7536713591495	1.48073690217217E-10		38.5756907337712	0.00545514269304737
41.9930025375512	1.31986354204952E-10		37.0462185494254	0.00516270838824816		43.7536713591461	1.32981979688062E-10		38.5752523917288	0.00529869112853842
41.9930025375484	1.18562678818769E-10		37.0458234794357	0.00501391775089319		43.7536713591431	1.19846570493709E-10		38.5748282556172	0.00514665069661665
41.9930025375458	1.06586196268215E-10		37.0454412627115	0.00486934409052228		43.7536713591404	1.07797932351103E-10		38.574417865046	0.00499889980354991
41.9930025375435	9.60746635205973E-11		37.0450714810828	0.00472887050651846		43.7536713591379	9.68496782588066E-11		38.5740207745451	0.00485532010344187
41.9930025375414	8.64196084961513E-11		37.0447137299844	0.00459238324076766		43.7536713591357	8.73154743919837E-11		38.5736365530817	0.00471579641661506
41.9930025375395	7.79459836966191E-11		37.0443676180132	0.00445977159754364		43.7536713591338	7.86099618125323E-11		38.5732647835918	0.00458021664725074
41.9930025375379	6.97215483383137E-11		37.0440327665002	0.00433092786449357		43.753671359132	7.04410282596747E-11		38.5729050625278	0.00444847170574452
41.9930025375364	6.30165174826905E-11		37.0437088090958	0.004205747235617		43.7536713591305	6.37258495114258E-11		38.5725569994204	0.00432045543063659
41.993002537535	5.6577249237782E-11		37.0433953913696	0.00408412773640026		43.753671359129	5.69584876020282E-11		38.5722202164549	0.00419606451399552
41.9930025375338	5.10453620223288E-11		37.0430921704221	0.00396597015003971		43.7536713591278	5.16675688281734E-11		38.5718943480606	0.00407519842747134
41.9930025375328	4.57910753957957E-11		37.0427988145098	0.00385117794678103		43.7536713591266	4.63358110586371E-11		38.5715790405147	0.00395775935122339
41.9930025375318	4.14607429682057E-11		37.0425150026822	0.00373965721284085		43.7536713591256	4.15792024782827E-11		38.5712739515578	0.0038436521037119
41.9930025375309	3.70972642016402E-11		37.0422404244306	0.00363131658377176		43.7536713591247	3.74045495863905E-11		38.5709787500225	0.00373278407283633
41.9930025375302	3.33481765039428E-11		37.0419747793485	0.00352606717691453		43.7536713591239	3.38186588822407E-11		38.5706931154741	0.0036250651503808
41.9930025375295	2.98956301602943E-11		37.0417177768029	0.00342382252704402		43.7536713591232	3.02055421809698E-11		38.5704167378625	0.00352040766635136
41.9930025375288	2.70693128637194E-11		37.0414691356161	0.00332449852325043		43.7536713591225	2.75027947584336E-11		38.570149317186	0.00341872632559629
41.9930025375283	2.42216872063745E-11		37.0412285837585	0.00322801334707171		43.7536713591219	2.44659616628913E-11		38.5698905631653	0.00331993814629391
41.9930025375278	2.20097609786676E-11		37.0409958580507	0.00313428741227971		43.7536713591214	2.20360414198388E-11		38.5696401949287	0.0032239623991324
41.9930025375273	1.97812615814729E-11		37.0407707038755	0.00304324330653535		43.7536713591209	1.99039055202977E-11		38.5693979407068	0.00313072054904927
41.9930025375269	1.75361890147905E-11		37.0405528748996	0.00295480573385712		43.7536713591205	1.8072957213908E-11		38.5691635375382	0.00304013619704543
41.9930025375266	1.59386538559516E-11		37.0403421328038	0.00286890145937071		43.7536713591201	1.59101920676056E-11		38.5689367309833	0.00295213502515569
41.9930025375263	1.43292807189072E-11		37.0401382470226	0.00278545925389853		43.7536713591198	1.46895598633458E-11		38.5687172748486	0.00286664474066561
41.993002537526	1.3042492487964E-11		37.0399409944916	0.00270440984231373		43.7536713591195	1.28189069778213E-11		38.5685049309193	0.00278359502416753
41.9930025375257	1.1410627192329E-11		37.0397501594036	0.00262568585064664		43.7536713591192	1.1899462366713E-11		38.5682994687008	0.00270291747638809
41.9930025375255	1.04405048783842E-11		37.0395655329727	0.00254922175596339		43.7536713591189	1.03277282412465E-11		38.5681006651683	0.00262454556849113
41.9930025375253	9.46327977751614E-12		37.0393869132053	0.00247495383794303		43.7536713591187	9.71627772256986E-12		38.5679083045251	0.00254841459217313
41.9930025375251	8.47895188972472E-12		37.03921410468	0.00240282013004123		43.7536713591185	8.45026885644166E-12		38.5677221779678	0.00247446161181175
41.9930025375249	7.48752121500996E-12		37.0390469183328	0.00233276037330906		43.7536713591184	7.50132941511888E-12		38.5675420834602	0.00240262541732745
41.9930025375248	6.83051342460197E-12		37.0388851712509	0.00226471597055679		43.7536713591182	6.87286264824162E-12		38.5673678255137	0.00233284647831214
41.9930025375246	6.16877044291176E-12		37.0387286864726	0.00219862994254579		43.7536713591181	6.23985821517752E-12		38.5671992149751	0.00226506690008924
41.9930025375245	5.50229226993933E-12		37.0385772927933	0.00213444688396395		43.7536713591179	5.60231611592659E-12		38.5670360688214	0.00219923037965899
41.9930025375244	4.83107890568469E-12		37.0384308245783	0.00207211292219037		43.7536713591178	5.29091877385474E-12		38.566878209961	0.00213528216303933
41.9930025375243	4.50139121266014E-12		37.0382891215819	0.00201157567537272		43.7536713591177	4.3136189188642E-12		38.5667254670416	0.00207316900516072
41.9930025375242	4.16933592399448E-12		37.0381520287717	0.00195278421293149		43.7536713591176	3.99541507751209E-12		38.5665776742642	0.00201283912818979
41.9930025375241	3.48628458153428E-12		37.0380193961594	0.00189568901683638		43.7536713591175	3.67494240306656E-12		38.566434671203	0.00195424218342019
41.9930025375241	3.49812255973983E-12		37.0378910786361	0.00184024194278118		43.7536713591175	3.3522008955276E-12		38.5662963026312	0.00189732921220149
41.993002537524	2.8079684303563E-12		37.0377669358141	0.00178639618389308		43.7536713591174	3.02719055489523E-12		38.5661624183529	0.00184205260960024
41.9930025375239	2.46525896130565E-12		37.0376468318731	0.00173410623446671		43.7536713591173	2.69991138116944E-12		38.5660328730395	0.00178836608710665
41.9930025375239	2.47354554604953E-12		37.0375306354114	0.00168332785470169		43.7536713591173	2.37036337435023E-12		38.5659075260727	0.00173622463840363
41.9930025375238	2.12728468353722E-12		37.0374182193027	0.00163401803692272		43.7536713591172	2.0385465344376E-12		38.5657862413908	0.00168558450348677
41.9930025375238	1.77865622538379E-12		37.0373094605563	0.0015861349714543		43.7536713591172	2.04535303371786E-12		38.5656688873422	0.00163640313657056
41.9930025375238	1.78457521448656E-12		37.037204240183	0.00153963801524039		43.7536713591171	1.7101329441651E-12		38.5655553365416	0.00158863917264685
41.9930025375237	1.79049420358934E-12		37.0371024430649	0.00149448765916815		43.7536713591171	1.37264402151892E-12		38.565445465732	0.00154225239533242
41.9930025375237	1.07784791561527E-12		37.0370039578294	0.00145064549792681		43.7536713591171	1.7214771096322E-12		38.5653391556512	0.00149720370667689
41.9930025375237	1.44186574543591E-12		37.0369086767271	0.00140807419982077		43.7536713591171	1.03628951541945E-12		38.5652362909019	0.00145345509594387
41.9930025375237	1.0849507025386E-12		37.0368164955143	0.00136673747784938		43.753671359117	1.38625702007944E-12		38.5651367598266	0.00141096961146658
41.9930025375236	1.08850209600026E-12		37.0367273133387	0.00132660006039035		43.753671359117	6.95397343133137E-13		38.5650404543867	0.00136971133043615
41.9930025375236	7.28035659641284E-13		37.0366410326292	0.00128762766463078		43.753671359117	1.04649926433984E-12		38.5649472700446	0.00132964533237442
41.9930025375236	1.09560488292359E-12		37.0365575589891	0.00124978696883175		43.753671359117	1.04990251397997E-12		38.5648571056508	0.0012907376708167
41.9930025375236	7.32770850923504E-13		37.0364768010927	0.00121304558635422		43.753671359117	7.02203842413397E-13		38.5647698633339	0.00125295534785714
41.9930025375236	3.67569223282307E-13		37.0363986705858	0.00117737204009463		43.7536713591169	7.04472675506816E-13		38.5646854483942	0.0012162662871699
41.9930025375236	7.37506042205724E-13		37.0363230819883	0.00114273573736216		43.7536713591169	3.53370754300118E-13		38.5646037692012	0.00118063931008925
41.9930025375236	3.69936818923417E-13		37.0362499526014	0.00110910694588695		43.7536713591169	7.09010341693656E-13		38.5645247370939	0.00114604411064954
41.9930025375235	7.42241233487944E-13		37.0361792024168	0.00107645677023649		43.7536713591169	3.55639587393538E-13		38.5644482662847	0.00111245123094904
41.9930025375235	3.72304414564527E-13		37.0361107540292	0.00104475712844903		43.7536713591169	3.56774003940248E-13		38.5643742737662	0.00107983203971243
41.9930025375235	3.73488212385082E-13		37.0360445325516	0.0010139807303468		43.7536713591169	3.57908420486957E-13		38.5643026792212	0.00104815870822051
41.9930025375235	3.74672010205637E-13		37.0359804655333	0.000984101055254812		43.7536713591169	3.59042837033667E-13		38.5642334049354	0.00101740418887235
41.9930025375235	3.75855808026192E-13		37.0359184828809	0.000955092330577562		43.7536713591169	3.60177253580377E-13		38.564166375713	0.000987542193902829
41.9930025375235	0		37.0358585167813	0.000926929512052127		43.7536713591169	3.61311670127087E-13		38.5641015187954	0.000958547174169899
41.9930025375235	3.78223403667301E-13		37.0358005016277	0.000899588262706874		43.7536713591169	3.62446086673797E-13		38.5640387637818	0.000930394299422747
41.9930025375235	3.79407201487856E-13		37.0357443739477	0.000873044934222067		43.7536713591169	0		38.5639780425529	0.00090305943816618
41.9930025375235	0		37.0356900723339	0.000847276546815487		43.7536713591169	3.64714919767217E-13		38.5639192891973	0.000876519138206031
41.9930025375235	3.81774797128966E-13		37.0356375373768	0.000822260771933028		43.7536713591169	3.65849336313926E-13		38.5638624399394	0.000850750608771019
41.9930025375235	0		37.0355867115998	0.000797975913623315		43.7536713591169	0		38.5638074330707	0.00082573170144066
41.9930025375235	3.84142392770076E-13		37.0355375393962	0.000774400890402188		43.7536713591169	0		38.5637542088824	0.000801440892913461
41.9930025375235	0		37.0354899669683	0.000751515219685968		43.7536713591169	3.69252585954056E-13		38.5637027096007	0.000777857267596099
41.9930025375235	0		37.0354439422689	0.000729298999939427		43.7536713591168	0		38.5636528793245	0.000754960500898602
41.9930025375235	3.87693786231741E-13		37.0353994149438	0.000707732894635699		43.7536713591168	0		38.563604663964	0.00073273084282454
41.9930025375235	0		37.0353563362773	0.000686798117618921		43.7536713591168	3.72655835594185E-13		38.5635580111825	0.000711149102095251
41.9930025375235	0		37.0353146591386	0.000666476415983122		43.7536713591168	0		38.5635128703394	0.000690196630500179
41.9930025375235	0		37.03527433793	0.00064675005737882		43.7536713591168	0		38.5634691924354	0.000669855308486917
41.9930025375235	0		37.0352353285376	0.00062760181336755		43.7536713591168	0		38.563426930059	0.000650107529583622
41.9930025375235	3.93612775334516E-13		37.0351975882826	0.000609014947028445		43.7536713591168	3.77193501781025E-13		38.5633860373354	0.000630936186872237
41.9930025375235	0		37.0351610758746	0.000590973198018101		43.7536713591168	0		38.5633464698764	0.000612324658771464
41.9930025375235	0		37.0351257513666	0.000573460770552168		43.7536713591168	0		38.5633081847324	0.000594256795582563
41.9930025375235	0		37.0350915761115	0.000556462318850753		43.7536713591168	0		38.5632711403458	0.000576716906373912
41.9930025375235	0		37.0350585127192	0.000539962936138967		43.7536713591168	0		38.5632352965056	0.000559689746446356
41.9930025375235	0		37.0350265250161	0.000523948140895653		43.7536713591168	0		38.5632006143042	0.000543160504608486
41.9930025375235	0		37.0349955780058	0.000508403866235779		43.7536713591168	0		38.5631670560948	0.000527114790833914
41.9930025375235	0		37.03496563783	0.000493316447024197		43.7536713591168	0		38.5631345854507	0.000511538625227478
41.9930025375235	0		37.0349366717324	0.000478672610054172		43.7536713591168	0		38.5631031671257	0.000496418426280916
41.9930025375235	0		37.0349086480221	0.000464459461494421		43.7536713591168	0		38.563072767016	0.000481740998983382
41.9930025375235	4.05450753540065E-13		37.0348815360393	0.000450664477320105		43.7536713591168	3.88537667248123E-13		38.5630433521229	0.000467493525547136
41.9930025375235	0		37.0348553061218	0.000437275492340037		43.7536713591168	0		38.5630148905171	0.000453663553051749
41.9930025375235	0		37.0348299295723	0.000424280690817893		43.7536713591168	0		38.5629873513043	0.000440238984879826
41.9930025375235	0		37.0348053786272	0.000411668595455766		43.7536713591168	0		38.5629607045912	0.000427208069658401
41.9930025375235	0		37.0347816264262	0.00039942805896544		43.7536713591168	0		38.5629349214534	0.000414559391959322
41.9930025375235	0		37.0347586469828	0.000387548254021645		43.7536713591168	0		38.5629099739039	0.000402281862703956
41.9930025375235	0		37.0347364151561	0.00037601866499182		43.7536713591168	0		38.5628858348626	0.000390364710206849
41.9930025375235	0		37.0347149066228	0.000364829078175311		43.7536713591168	0		38.5628624781272	0.000378797471291302
41.9930025375235	0		37.0346940978514	0.000353969573722841		43.7536713591168	0		38.5628398783444	0.000367569981896389
41.9930025375235	0		37.0346739660757	0.000343430518043012		43.7536713591168	0		38.5628180109827	0.000356672370234453
41.9930025375235	0		37.0346544892701	0.000333202554114969		43.7536713591168	0		38.5627968523056	0.000346095046646857
41.9930025375235	0		37.0346356461258	0.0003232765952482		43.7536713591168	0		38.5627763793456	0.000335828696733327
41.9930025375235	0		37.0346174160271	0.00031364381652093		43.7536713591168	0		38.56275656988	0.0003258642739035
41.9930025375235	0		37.0345997790292	0.000304295647345643		43.7536713591168	0		38.562737402406	0.000316192990866963
41.9930025375235	0		37.0345827158359	0.000295223764813735		43.7536713591168	0		38.5627188561177	0.000306806312913603
41.9930025375235	0		37.0345662077792	0.00028642008633467		43.7536713591168	0		38.5627009108835	0.000297695950507415
41.9930025375235	0		37.0345502367979	0.000277876762314062		43.7536713591168	0		38.5626835472242	0.000288853852866885
41.9930025375235	0		37.034534785419	0.000269586170514313		43.7536713591168	0		38.562666746292	0.000280272200506668
41.9930025375235	0		37.0345198367375	0.000261540908974454		43.7536713591168	0		38.5626504898499	0.000271943398899436
41.9930025375235	0		37.0345053743986	0.000253733789999806		43.7536713591168	0		38.5626347602518	0.000263860072677812
41.9930025375235	0		37.0344913825796	0.00024615783333937		43.7536713591168	0		38.5626195404236	0.000256015058446061
41.9930025375235	0		37.0344778459725	0.000238806261470229		43.7536713591168	0		38.5626048138445	0.000248401399711993
41.9930025375235	0		37.0344647497674	0.000231672493071057		43.7536713591168	0		38.5625905645292	0.00024101234044004
41.9930025375235	0		37.0344520796362	0.000224750137344183		43.7536713591168	0		38.5625767770103	0.000233841319162494
41.9930025375235	0		37.0344398217169	0.000218032988948821		43.7536713591168	0		38.5625634363218	0.000226881964400183
41.9930025375235	0		37.0344279625985	0.000211515022400452		43.7536713591168	0		38.5625505279826	0.000220128088340756
41.9930025375235	0		37.0344164893065	0.00020519038735031		43.7536713591168	0		38.562538037981	0.000213573681708903
41.9930025375235	0		37.0344053892882	0.000199053403209879		43.7536713591168	0		38.5625259527595	0.000207212909606571
41.9930025375235	0		37.0343946503996	0.000193098553890038		43.7536713591168	0		38.5625142591997	0.000201040104866576
41.9930025375235	0		37.0343842608916	0.000187320484353208		43.7536713591168	0		38.5625029446086	0.000195049765102026
41.9930025375235	0		37.0343742093974	0.000181713994835656		43.7536713591168	0		38.5624919967044	0.000189236546781013
41.9930025375235	0		37.0343644849199	0.000176274036627174		43.7536713591168	0		38.5624814036035	0.000183595261155853
41.9930025375235	0		37.0343550768201	0.000170995708520837		43.7536713591168	0		38.5624711538072	0.000178120869699003
41.9930025375235	0		37.0343459748048	0.00016587425105091		43.7536713591168	0		38.5624612361896	0.000172808479919822
41.9930025375235	0		37.0343371689157	0.000160905044288366		43.7536713591168	0		38.5624516399853	0.000167653341066677
41.9930025375235	0		37.0343286495188	0.000156083602247279		43.7536713591168	0		38.562442354778	0.000162650840600257
41.9930025375235	0		37.0343204072932	0.000151405569945746		43.7536713591168	0		38.5624333704886	0.000157796499170562
41.9930025375235	0		37.0343124332214	0.000146866719313904		43.7536713591168	0		38.5624246773651	0.000153085967761198
41.9930025375235	0		37.0343047185792	0.000142462945530424		43.7536713591168	0		38.562416265971	0.000148515023471598
41.9930025375235	0		37.0342972549264	0.000138190263663546		43.7536713591168	0		38.5624081271762	0.000144079566727358
41.9930025375235	0		37.0342900340971	0.000134044805087521		43.7536713591168	0		38.562400252146	0.00013977561571532
41.9930025375235	0		37.0342830481913	0.0001300228142099		43.7536713591168	0		38.5623926323324	0.000135599306093585
41.9930025375235	0		37.0342762895661	0.000126120644708099		43.7536713591168	0		38.5623852594642	0.000131546884345296
41.9930025375235	0		37.034269750827	0.000122334757430634		43.7536713591168	0		38.5623781255383	0.000127614707326069
41.9930025375235	0		37.0342634248201	0.00011866171647134		43.7536713591168	0		38.5623712228109	0.000123799236977146
41.9930025375235	0		37.0342573046245	0.000115098186238011		43.7536713591168	0		38.5623645437894	0.000120097039210742
41.9930025375235	0		37.0342513835443	0.000111640928717744		43.7536713591168	0		38.5623580812237	0.000116504779100406
41.9930025375235	0		37.0342456551013	0.000108286801217055		43.7536713591168	0		38.562351828099	0.000113019219361737
41.9930025375235	0		37.0342401130284	0.00010503275225885		43.7536713591168	0		38.5623457776276	0.000109637216948055
41.9930025375235	0		37.0342347512621	0.000101875820271729		43.7536713591168	0		38.5623399232418	0.000106355720746832
41.9930025375235	0		37.0342295639363	9.88131305814777E-05		43.7536713591168	0		38.5623342585868	0.000103171768161115
41.9930025375235	0		37.0342245453757	9.58418921930586E-05		43.7536713591168	0		38.5623287775138	0.000100082483327417
41.9930025375235	0		37.0342196900897	9.29593962972294E-05		43.7536713591168	0		38.5623234740732	9.70850743555485E-05
41.9930025375235	0		37.0342149927663	9.01630137601247E-05		43.7536713591168	0		38.5623183425082	9.41768307672425E-05
41.9930025375235	0		37.0342104482664	8.74501922737684E-05		43.7536713591168	0		38.5623133772486	9.13551214041179E-05
41.9930025375235	0		37.0342060516178	8.4818454556407E-05		43.7536713591168	0		38.5623085729048	8.86173920148151E-05
41.9930025375235	0		37.0342017980105	8.22653960852619E-05		43.7536713591168	0		38.5623039242617	8.59611626502122E-05
41.9930025375235	0		37.0341976827906	7.97886827745813E-05		43.7536713591168	0		38.5622994262733	8.33840263375656E-05
41.9930025375235	0		37.034193701456	7.73860495820166E-05		43.7536713591168	0		38.5622950740572	8.08836466403267E-05
41.9930025375235	0		37.0341898496506	7.50552976671991E-05		43.7536713591168	0		38.5622908628891	7.84577547578463E-05
41.9930025375235	0		37.0341861231605	7.27942927595041E-05		43.7536713591168	0		38.5622867881979	7.61041491264437E-05
41.9930025375235	0		37.0341825179085	7.06009640496731E-05		43.7536713591168	0		38.5622828455606	7.38206921557153E-05
41.9930025375235	0		37.0341790299504	6.84733004947552E-05		43.7536713591168	0		38.5622790306976	7.16053090681152E-05
41.9930025375235	0		37.03417565547	6.64093516014388E-05		43.7536713591168	0		38.5622753394679	6.94559857527728E-05
41.9930025375235	0		37.0341723907754	6.44072233589628E-05		43.7536713591168	0		38.5622717678648	6.73707675249521E-05
41.9930025375235	0		37.0341692322949	6.24650776684467E-05		43.7536713591168	0		38.5622683120113	6.53477564852289E-05
41.9930025375235	0		37.0341661765729	6.05811310328949E-05		43.7536713591168	0		38.5622649681563	6.33851107415754E-05
41.9930025375235	0		37.0341632202662	5.87536520648368E-05		43.7536713591168	0		38.56226173267	6.14810423697838E-05
41.9930025375235	0		37.0341603601404	5.69809608146736E-05		43.7536713591168	0		38.5622586020403	5.96338161553247E-05
41.9930025375235	0		37.0341575930663	5.52614263444146E-05		43.7536713591168	0		38.5622555728692	5.78417471994264E-05
41.9930025375235	0		37.0341549160167	5.35934665672587E-05		43.7536713591168	0		38.5622526418684	5.61032009660077E-05
41.9930025375235	0		37.0341523260626	5.19755453176348E-05		43.7536713591168	0		38.5622498058564	5.44165902668996E-05
41.9930025375235	0		37.0341498203704	5.04061724187001E-05		43.7536713591168	0		38.5622470617548	5.27803748308989E-05
41.9930025375235	0		37.0341473961988	4.88839012625634E-05		43.7536713591168	0		38.5622444065849	5.11930596011044E-05
41.9930025375235	0		37.0341450508956	4.74073283888145E-05		43.7536713591168	0		38.5622418374647	4.96531938338019E-05
41.9930025375235	0		37.0341427818948	4.59750912895085E-05		43.7536713591168	0		38.5622393516053	4.81593687736018E-05
41.9930025375235	0		37.034140586714	4.45858682264817E-05		43.7536713591168	0		38.5622369463085	4.67102178096591E-05
41.9930025375235	0		37.0341384629515	4.32383762709151E-05		43.7536713591168	0		38.5622346189633	4.53044142331113E-05
41.9930025375235	0		37.0341364082839	4.19313703371425E-05		43.7536713591168	0		38.5622323670434	4.39406702209777E-05
41.9930025375235	0		37.0341344204631	4.06636424889058E-05		43.7536713591168	0		38.5622301881046	4.2617736643734E-05
41.9930025375235	0		37.0341324973143	3.94340206340924E-05		43.7536713591168	0		38.5622280797814	4.13344000280729E-05
41.9930025375235	0		37.0341306367336	3.82413665981362E-05		43.7536713591168	0		38.5622260397855	4.00894837265429E-05
41.9930025375235	0		37.0341288366853	3.70845769897508E-05		43.7536713591168	0		38.5622240659024	3.88818452529242E-05
41.9930025375235	0		37.0341270952	3.5962580340923E-05		43.7536713591168	0		38.5622221559896	3.77103758536289E-05
41.9930025375235	0		37.0341254103725	3.487433703994E-05		43.7536713591168	0		38.5622203079738	3.65739994931094E-05
41.9930025375235	0		37.0341237803593	3.38188385065055E-05		43.7536713591168	0		38.5622185198492	3.54716722470805E-05
41.9930025375235	0		37.0341222033773	3.27951061976716E-05		43.7536713591168	0		38.5622167896746	3.44023803868129E-05
41.9930025375235	0		37.0341206777011	3.18021899903291E-05		43.7536713591168	0		38.5622151155721	3.33651407329748E-05
41.9930025375235	0		37.0341192016614	3.08391684966101E-05		43.7536713591168	0		38.5622134957245	3.23589984097175E-05
41.9930025375235	0		37.0341177736434	2.99051475615646E-05		43.7536713591168	0		38.5622119283734	3.13830275982862E-05
41.9930025375235	0		37.0341163920847	2.89992593400969E-05		43.7536713591168	0		38.5622104118175	3.04363292498718E-05
41.9930025375235	0		37.0341150554739	2.81206621149825E-05		43.7536713591168	0		38.5622089444107	2.95180313760923E-05
41.9930025375235	0		37.0341137623486	2.72685387352867E-05		43.7536713591168	0		38.5622075245601	2.86272868612428E-05
41.9930025375235	0		37.034112511294	2.64420967071808E-05		43.7536713591168	0		38.5622061507244	2.77632748882216E-05
41.9930025375235	0		37.0341113009415	2.56405667500003E-05		43.7536713591168	0		38.5622048214125	2.69251979886203E-05
41.9930025375235	0		37.0341101299667	2.48632030145195E-05		43.7536713591168	0		38.5622035351813	2.61122827131958E-05
41.9930025375235	0		37.0341089970885	2.41092813002905E-05		43.7536713591168	0		38.5622022906347	2.53237783953522E-05
41.9930025375235	0		37.0341079010676	2.33780986304901E-05		43.7536713591168	0		38.5622010864218	2.45589563345053E-05
41.9930025375235	0		37.0341068407048	2.26689742063662E-05		43.7536713591168	0		38.5621999212354	2.38171101447283E-05
41.9930025375235	0		37.03410581484	2.19812458806611E-05		43.7536713591168	0		38.5621987938108	2.30975537352892E-05
41.9930025375235	0		37.0341048223509	2.13142727847929E-05		43.7536713591168	0		38.5621977029241	2.23996211874521E-05
41.9930025375235	0		37.0341038621515	2.06674317672149E-05		43.7536713591168	0		38.5621966473912	2.17226672199516E-05
41.9930025375235	0		37.0341029331914	2.0040119234283E-05		43.7536713591168	0		38.5621956260663	2.10660646762315E-05
41.9930025375235	0		37.0341020344542	1.94317486382609E-05		43.7536713591168	0		38.5621946378409	2.04292055578092E-05
41.9930025375235	0		37.0341011649567	1.88417521546128E-05		43.7536713591168	0		38.5621936816422	1.98114999721377E-05
41.9930025375235	0		37.0341003237475	1.82695776708706E-05		43.7536713591168	0		38.5621927564323	1.92123752123825E-05
41.9930025375235	0		37.0340995099064	1.77146901346747E-05		43.7536713591168	0		38.5621918612069	1.86312755728736E-05
41.9930025375235	0		37.0340987225429	1.71765705523418E-05		43.7536713591168	0		38.5621909949943	1.80676623092128E-05
41.9930025375235	0		37.0340979607955	1.66547146546748E-05		43.7536713591168	0		38.5621901568541	1.75210119330952E-05
41.9930025375235	0		37.034097223831	1.61486343913959E-05		43.7536713591168	0		38.5621893458767	1.69908172054458E-05
41.9930025375235	0		37.034096510843	1.56578553171154E-05		43.7536713591168	0		38.5621885611817	1.64765857125046E-05
41.9930025375235	0		37.0340958210515	1.51819175967954E-05		43.7536713591168	0		38.5621878019173	1.59778394839924E-05
41.9930025375235	0		37.0340951537017	1.47203749499691E-05		43.7536713591168	0		38.5621870672595	1.54941149079605E-05
41.9930025375235	0		37.0340945080636	1.42727943767137E-05		43.7536713591168	0		38.5621863564106	1.50249621835184E-05
41.9930025375235	0		37.0340938834308	1.38387560373811E-05		43.7536713591168	0		38.5621856685992	1.45699452226091E-05
41.9930025375235	0		37.0340932791199	1.34178526468644E-05		43.7536713591168	0		38.5621850030786	1.41286397073159E-05
41.9930025375235	0		37.0340926944697	1.30096885368076E-05		43.7536713591168	0		38.5621843591264	1.37006358838879E-05
41.9930025375235	0		37.0340921288406	1.26138807976446E-05		43.7536713591168	0		38.5621837360436	1.32855341510328E-05
41.9930025375235	0		37.0340915816138	1.2230057203854E-05		43.7536713591168	0		38.5621831331539	1.28829481523021E-05
41.9930025375235	0		37.0340910521905	1.1857856860717E-05		43.7536713591168	0		38.5621825498028	1.24925029559268E-05
41.9930025375235	0		37.0340905399915	1.14969298843572E-05		43.7536713591168	0		38.5621819853572	1.21138338286915E-05
41.9930025375235	0		37.0340900444566	1.11469364253797E-05		43.7536713591168	0		38.5621814392043	1.17465879439619E-05
41.9930025375235	0		37.0340895650434	1.08075474693852E-05		43.7536713591168	0		38.5621809107513	1.13904226840497E-05
41.9930025375235	0		37.0340891012275	1.04784430343224E-05		43.7536713591168	0		38.5621803994245	1.10450054789634E-05
41.9930025375235	0		37.0340886525015	1.01593137776534E-05		43.7536713591168	0		38.5621799046691	1.07100134847499E-05
41.9930025375235	0		37.0340882183744	9.84985819648132E-06		43.7536713591168	0		38.5621794259478	1.03851340394151E-05
41.9930025375235	0		37.0340877983713	9.54978537517692E-06		43.7536713591168	0		38.562178962741	1.00700637093448E-05
41.9930025375235	0		37.0340873920326	9.25881167549866E-06		43.7536713591168	0		38.562178514546	9.76450732164601E-06
41.9930025375235	0		37.0340869989138	8.9766631567199E-06		43.7536713591168	0		38.5621780808763	9.4681796637937E-06
41.9930025375235	0		37.0340866185847	8.70307339604176E-06		43.7536713591168	0		38.5621776612611	9.1808034098603E-06
41.9930025375235	0		37.0340862506294	8.43778393040126E-06		43.7536713591168	0		38.5621772552449	8.90210939457123E-06
41.9930025375235	0		37.0340858946451	8.18054470248731E-06		43.7536713591168	0		38.562176862387	8.63183673063752E-06
41.9930025375235	0		37.0340855502426	7.93111234803255E-06		43.7536713591168	0		38.562176482261	8.36973260794936E-06
41.9930025375235	0		37.0340852170448	7.68925112764302E-06		43.7536713591168	0		38.5621761144542	8.11555081350865E-06
41.9930025375235	0		37.0340848946874	7.45473269958244E-06		43.7536713591168	0		38.5621757585674	7.8690537455276E-06
41.9930025375235	0		37.0340845828175	7.2273350511925E-06		43.7536713591168	0		38.5621754142143	7.63000996955741E-06
41.9930025375235	0		37.0340842810942	7.00684326118731E-06		43.7536713591168	0		38.5621750810211	7.39819543187538E-06
41.9930025375235	0		37.0340839891871	6.79304858903759E-06		43.7536713591168	0		38.5621747586262	7.17339243651196E-06
41.9930025375235	0		37.0340837067769	6.58574856263102E-06		43.7536713591168	0		38.5621744466795	6.95539021900726E-06
41.9930025375235	0		37.0340834335548	6.3847468970988E-06		43.7536713591168	0		38.5621741448425	6.74398375062389E-06
41.9930025375235	0		37.0340831692217	6.18985324235372E-06		43.7536713591168	0		38.5621738527875	6.53897479098837E-06
41.9930025375235	0		37.0340829134884	6.00088309595585E-06		43.7536713591168	0		38.5621735701976	6.34017084567437E-06
41.9930025375235	0		37.0340826660752	5.81765703433117E-06		43.7536713591168	0		38.5621732967659	6.14738443454987E-06
41.9930025375235	0		37.0340824267114	5.64000129536226E-06		43.7536713591168	0		38.5621730321957	5.96043511693865E-06
41.9930025375235	0		37.0340821951351	5.46774768494244E-06		43.7536713591168	0		38.5621727761997	5.77914632196266E-06
41.9930025375235	0		37.0340819710929	5.30073262673742E-06		43.7536713591168	0		38.5621725285002	5.60334785862252E-06
41.9930025375235	0		37.0340817543397	5.13879705576565E-06		43.7536713591168	0		38.5621722888281	5.43287436197813E-06
41.9930025375235	0		37.0340815446384	4.9817881979036E-06		43.7536713591168	0		38.5621720569235	5.26756503199966E-06
41.9930025375235	0		37.0340813417596	4.82955603875116E-06		43.7536713591168	0		38.5621718325345	5.10726451942907E-06
41.9930025375235	0		37.0340811454813	4.68195646958664E-06		43.7536713591168	0		38.5621716154175	4.95182167970737E-06
41.9930025375235	0		37.0340809555887	4.53884877239104E-06		43.7536713591168	0		38.562171405337	4.80108963164103E-06
41.9930025375235	0		37.0340807718741	4.40009739935336E-06		43.7536713591168	0		38.5621712020648	4.65492697414139E-06
41.9930025375235	0		37.0340805941365	4.26557013217836E-06		43.7536713591168	0		38.5621710053803	4.51319537001039E-06
41.9930025375235	0		37.0340804221814	4.13513865065165E-06		43.7536713591168	0		38.56217081507	4.37576125229238E-06
41.9930025375235	0		37.0340802558208	4.00867945570329E-06		43.7536713591168	0		38.5621706309274	4.24249488762441E-06
41.9930025375235	0		37.0340800948725	3.88607166299653E-06		43.7536713591168	0		38.5621704527525	4.11327076175777E-06
41.9930025375235	0		37.0340799391606	3.7671986146512E-06		43.7536713591168	0		38.562170280352	3.98796646506551E-06

