?d Distribution
Sample:	02-4krpm-Sup-S1
Sample Mass (mg):	3
File:	15 03 2014 19-21-39.accdb
Method:	01-SURFACE-ENERGY-50C
Temperature (K):	323.15064886184
Method:	Schultz		Method:	Schultz		Method:	Dorris/Gray		Method:	Dorris/Gray
Parameter:	Peak Max		Parameter:	Peak Com		Parameter:	Peak Max		Parameter:	Peak Com
R^2:	0.334632425752902		R^2:	0.993183182818897		R^2:	0.318658703347114		R^2:	0.992876709942217
Dispersive Surface Energy [mJ/m^2]	Area Increment [%]		Dispersive Surface Energy [mJ/m^2]	Area Increment [%]		Dispersive Surface Energy [mJ/m^2]	Area Increment [%]		Dispersive Surface Energy [mJ/m^2]	Area Increment [%]
62.8482324058194	1.17085692660796E-10		185.601772201617	1.19493652264795		64.6890621693193	6.42223729128947E-11		194.301651424157	1.19301332155732
62.8587386395848	3.63635038921779E-10		167.947996439623	3.05163054728988		64.6989470839228	1.99710545988814E-10		175.657956017297	3.04713108337156
62.8696151029038	6.27415312127118E-10		152.919917438706	4.32958795562748		64.7091933662435	3.45019105493992E-10		159.785044749495	4.3237888423058
62.880874842309	9.09334752364815E-10		140.127007780024	5.15989026948763		64.7198142269799	5.00684995655857E-10		146.271129904972	5.15367587764439
62.8925313640804	1.21034421354551E-09		129.236824309122	5.64742925141422		64.7308233597808	6.67271294915616E-10		134.765622733427	5.64139047017503
62.9045986504462	1.53143903890188E-09		119.966369096502	5.87579774530387		64.7422349589002	8.45368409126977E-10		124.970038197231	5.87030850832278
62.9170911763549	1.87366101574464E-09		112.074735307335	5.91130501539536		64.7540637374985	1.0355953170793E-09		116.630251434673	5.90658124972893
62.9300239268383	2.23810041275378E-09		105.35684687209	5.80626882279072		64.7663249466125	1.23860087055541E-09		109.529905050245	5.80241355014133
62.943412414986	2.62589810316071E-09		99.638129273922	5.60171056012614		64.7790343948187	1.45506515126075E-09		103.484796198637	5.59874813077426
62.9572727005542	3.03824777738232E-09		94.7699729651611	5.32955818858149		64.7922084686154	1.68570088704158E-09		98.3380978477054	5.32746002357698
62.9716214092294	3.47639824875187E-09		90.6258715228863	5.01444376883837		64.8058641535505	1.93125492991249E-09		93.9562902465992	5.01314749888039
62.9864757525712	3.9416558561483E-09		87.0981341877153	4.6751674482009		64.8200190561208	2.19250979851989E-09		90.2256970499658	4.67459094595487
63.0018535486579	4.43538696754768E-09		84.0950873561377	4.3258873577222		64.8346914264725	2.4702852877666E-09		87.04953623559	4.32593884602133
63.0177732434599	4.95902058853373E-09		81.5386923029297	3.97708456617807		64.8499001819316	2.76544014848997E-09		84.3454093080332	3.97766973288856
63.0342539329658	5.51405108014967E-09		79.3625172265547	3.63634368149937		64.8656649313939	3.07887384008644E-09		82.0431636511884	3.63737053078156
63.0513153860882	6.10204099050367E-09		77.5100109180742	3.30898259203146		64.8820060006075	3.41152835924865E-09		80.0830725731967	3.31036460152791
63.0689780683773	6.72462400476205E-09		75.9330331922397	2.99855895530535		64.8989444583789	3.76439014799446E-09		78.414285829002	3.00021698148494
63.0872631665697	7.38350801841621E-09		74.5906038917866	2.70727616691254		64.9165021437373	4.13849208437054E-09		76.9935104227625	2.70913943995098
63.106192614002	8.0804783387749E-09		73.4478379559131	2.4363075064354		64.9347016940923	4.53491555925674E-09		75.7838874664458	2.43831397638502
63.1257891169204	8.81740101995983E-09		72.4750388790812	2.18605381932782		64.9535665744203	4.9547926430329E-09		74.7540359571765	2.18815005269595
63.1460761817175	9.59622633681014E-09		71.6469270022938	1.95634733494171		64.9731211075186	5.39930834573918E-09		73.8772386662474	1.95848811173175
63.1670781431284	1.0418992403345E-08		70.9419825828256	1.74661194304858		64.9933905053649	5.8697029748547E-09		73.1307490194767	1.74875966606702
63.1888201934209	1.12878289416759E-08		70.34188657108	1.55598837220893		65.0144009016238	6.36727459460624E-09		72.4952009874506	1.55811237077737
63.2113284126139	1.22049612074412E-08		69.831044562309	1.38343116493607		65.036179385341	6.89338159129802E-09		71.9541066765521	1.38550695228366
63.2346297997613	1.31727140781967E-08		69.3961815523616	1.22778307001132		65.0587540358702	7.4494453489176E-09		71.4934285868831	1.22979159612979
63.2587523053374	1.41935163112135E-08		69.0259969665726	1.08783142434321		65.0821539590755	8.03695303980662E-09		71.101215440253	1.08975835280935
63.2837248647643	1.52699049777937E-08		68.7108709971957	0.96235023619611		65.1064093248589	8.65746053518766E-09		70.7672921305944	0.964185263494268
63.3095774331206	1.64045300809449E-08		68.4426146181139	0.85013097589153		65.1315514060583	9.3125954405344E-09		70.4829957532512	0.851867204369669
63.336341021073	1.76001593641481E-08		68.2142567805785	0.750004502180645		65.157612618768	1.00040602610492E-08		70.2409508650009	0.751637872364092
63.3640477320741	1.88596833186831E-08		68.0198632599387	0.660856079984709		65.1846265641337	1.07336357027957E-08		70.0348781444281	0.662384864101141
63.3927308008713	2.01861203977417E-08		67.8543824458156	0.581635059543422		65.212628071675	1.15031841150095E-08		69.8594314887633	0.583059415408558
63.4224246333724	2.15826224455252E-08		67.7135140683475	0.511360472802794		65.2416532441912	1.23146530795895E-08		69.7100593210237	0.512682055403686
63.4531648479165	2.30524803501034E-08		67.5935974491571	0.449123547409226		65.2717395043095	1.31700791540143E-08		69.5828865093751	0.450345174370173
63.4849883179983	2.45991299290605E-08		67.491516373074	0.394087931413853		65.3029256427348	1.40715917738588E-08		69.4746138353733	0.395213297872743
63.517933216499	2.62261580572258E-08		67.4046181085577	0.345488254061139		65.335251868263	1.50214173218879E-08		69.3824324030096	0.34652169218142
63.5520390614756	2.79373090463271E-08		67.3306444724473	0.30262751264735		65.3687598596227	1.60218833704371E-08		69.3039507680913	0.30357379094332
63.5873467635631	2.97364912867592E-08		67.2676731476474	0.264873666491042		65.4034928192125	1.70754231044063E-08		69.2371328974909	0.265737824273049
63.6238986750478	3.16277841617738E-08		67.2140677288043	0.231655731679579		65.4394955288026	1.81845799324957E-08		69.1802453487513	0.232442944167431
63.66173864067	3.3615445245461E-08		67.1684351978311	0.202459600438723		65.4768144072722	1.93520122943543E-08		69.1318122997403	0.203175070410425
63.7009120502163	3.57039177954336E-08		67.1295897242213	0.176823753431944		65.5154975704588	2.05804986719254E-08		69.0905772616964	0.177472625625564
63.7414658929656	3.78978385525344E-08		67.0965218494444	0.154334989319903		65.5555948931943	2.1872942813438E-08		69.0554704823959	0.154922284179693
63.7834488140536	4.02020458594823E-08		67.0683722546359	0.134624261296165		65.5971580736094	2.32323791790455E-08		69.0255811937878	0.135154825019999
63.8269111728238	4.2621588111611E-08		67.0444094298936	0.117362683246165		65.6402406997891	2.46619786169801E-08		69.0001339841237	0.117841151448196
63.8719051032347	4.5161732552716E-08		67.0240106648833	0.102257747174042		65.6848983188646	2.61650542802548E-08		68.9784686816074	0.102688519809929
63.9184845763949	4.78279744300125E-08		67.0066458667671	0.0890497774018454		65.7311885086307	2.77450677935465E-08		68.9600232276924	0.0894370029165777
63.9667054653029	5.06260465226333E-08		66.991863784937	0.0775086347853425		65.7791709517827	2.94056356808819E-08		68.9443190957112	0.0778562017243813
64.0166256118679	5.35619290584264E-08		66.9792802845835	0.0674306750146153		65.8289075128653	3.1150536064748E-08		68.9309488765547	0.0677422095949234
64.0683048962924	5.66418600347383E-08		66.9685683643705	0.0586359583235281		65.8804623180363	3.29837156481062E-08		68.9195657093408	0.0589148266895232
64.1218053088992	5.98723459594402E-08		66.9594496588095	0.0509657031110823		65.9339018377449	3.49092969908702E-08		68.9098742828726	0.0512150172012004
64.1771910244906	6.32601730285635E-08		66.9516872045106	0.0442799726435805		65.9892949724338	3.69315860930773E-08		68.9016231744398	0.0445025987691745
64.2345284793271	6.68124187586657E-08		66.9450792823291	0.0384555818344538		66.0467131413729	3.90550802976091E-08		68.894598327211	0.0386541512266815
64.2938864508187	7.05364640913677E-08		66.939454175388	0.033384209808409		66.1062303747419	4.12844765252907E-08		68.888617497	0.0335611305228982
64.3553361400254	7.44400059894969E-08		66.9346657067545	0.0289707033432195		66.1679234090785	4.36246798567819E-08		68.8835255243425	0.0291281730237412
64.4189512570637	7.85310705439013E-08		66.9305894408107	0.025131556160276		66.2318717862159	4.60808124747822E-08		68.8791903092252	0.0252715752612464
64.4848081095238	8.28180266119712E-08		66.9271194496055	0.0217935492867087		66.2981579558375	4.86582229821334E-08		68.875499384042	0.0219179344385428
64.5529856940016	8.73096000082795E-08		66.9241655601562	0.0188925382161639		66.3668673817806	5.13624961110254E-08		68.8723569958701	0.0190029354823261
64.623565790857	9.20148882699572E-08		66.9216510111666	0.0163723732763832		66.4380886522263	5.41994628393245E-08		68.8696816223707	0.0164702711132228
64.6966330623112	9.69433760192946E-08		66.9195104582687	0.0141839404109667		66.5119135939177	5.71752109312398E-08		68.8674038568721	0.0142706821885701
64.7722751540001	1.02104950947624E-07		66.9176882759498	0.0122843104377447		66.5884373905537	6.02960959193518E-08		68.8654646077662	0.0123611064169125
64.8505828001076	1.07509920444823E-07		66.9161371120395	0.0106359857353861		66.6677587055106	6.35687525465365E-08		68.863813565507	0.0107039244330108
64.9316499322028	1.13169028900513E-07		66.9148166571916	0.00920623419638166		66.7499798090507	6.70001066865488E-08		68.8624078974403	0.00926629309331373
65.0155737919127	1.19093475703375E-07		66.9136925973849	0.00796650115332449		66.8352067101811	7.05973877630702E-08		68.8612111366046	0.00801955672142715
65.1024550475655	1.25294933966203E-07		66.9127357222209	0.00689189081427859		66.9235492933325	7.436814168768E-08		68.8601922356765	0.00693872785845167
65.1923979149445	1.31785570005893E-07		66.9119211658477	0.0059607095454014		67.0151214600349	7.8320244338024E-08		68.8593247615159	0.00600202986333512
65.2855102822964	1.38578063607915E-07		66.9112277607829	0.00515406406893774		67.1100412757734	8.24619155986753E-08		68.8585862094168	0.00519049444728813
65.381903839746	1.45685629106703E-07		66.9106374878444	0.00445550834846706		67.2084311222112	8.68017339873314E-08		68.857957419272	0.00448760791806282
65.4816942132706	1.53122037313733E-07		66.910135007895	0.00385073356593578		67.3104178549785	9.13486518909172E-08		68.8574220785062	0.00387900054323903
65.5850011033951	1.60901638327843E-07		66.9097072632313	0.00332729618222964		67.4161329672297	9.61120114361971E-08		68.8569662988828	0.00335217403192304
65.691948428776	1.69039385261638E-07		66.9093431382597	0.00287437961304988		67.5257127591796	1.01101561021229E-07		68.8565782562033	0.00289626266286413
65.8026644748435	1.7755085892105E-07		66.9090331706407	0.00248258553472421		67.6392985138374	1.06327472534545E-07		68.8562478835553	0.00250182407937952
65.9172820476829	1.86452293475156E-07		66.9087693053958	0.00214375127914227		67.7570366791651	1.1180035929045E-07		68.8559666101483	0.00216065620953655
66.0359386333379	1.95760603156118E-07		66.9085446855863	0.00185079017294081		67.8790790568955	1.17531294709584E-07		68.8557271389633	0.00186563716375145
66.158776562728	2.05493410029124E-07		66.9083534741262	0.00159755203646586		68.0055829982524	1.23531831775475E-07		68.855523257448	0.00161058532854687
66.2859431823771	2.15669072875151E-07		66.9081907020955	0.00137870137670986		68.1367116068263	1.29814023298706E-07		68.8553496763456	0.00139013718541841
66.4175910311584	2.26306717230589E-07		66.9080521396164	0.00118961109627685		68.2726339488663	1.3639044302169E-07		68.8552018924768	0.00119964067843088
66.5538780232684	2.37426266628601E-07		66.9079341859326	0.00102626979950806		68.4135252712601	1.43274207598671E-07		68.8550760719147	0.00103506220839415
66.6949676376474	2.49048475090874E-07		66.907833775839	0.000885201000200174		68.5595672274827	1.50478999486617E-07		68.8549689505219	0.000892905555673915
66.8410291140761	2.61194960917767E-07		66.9077483000269	0.000763392742626772		68.7109481118051	1.58019090783922E-07		68.8548777492699	0.000770141243871828
66.9922376561819	2.7388824182887E-07		66.9076755372778	0.000658236324052681		68.8678631020651	1.6590936805626E-07		68.8548001021432	0.000664145027962925
67.1487746415995	2.87151771507167E-07		66.9076135967412	0.000567472970239626		69.0305145113135	1.74165358189417E-07		68.854733994758	0.000572644359250213
67.3108278395364	3.01009977601424E-07		66.9075608687986	0.000489147451717475		69.1991120486594	1.82803255311011E-07		68.854677712104	0.000493671809859875
67.4785916360059	3.15488301245017E-07		66.9075159832342	0.000421567757244756		69.3738730896516	1.91839948825036E-07		68.8546297940516	0.000425524574486924
67.6522672669975	3.30613238150262E-07		66.9074777736288	0.000363270047422753		69.5550229565444	2.01293052604359E-07		68.8545889974725	0.000366729271313757
67.8320630598627	3.46412381340815E-07		66.9074452470476	0.000312988212010821		69.7427952088095	2.11180935388328E-07		68.8545542639894	0.000316011357774164
68.0181946832083	3.6291446558553E-07		66.9074175582383	0.000269627433793254		69.9374319442677	2.21522752434872E-07		68.8545246925185	0.000272268572886865
68.2108854055948	3.80149413602203E-07		66.9073939876651	0.000232241243066011		70.1391841112298	2.32338478477725E-07		68.8544995158932	0.000234547879099547
68.4103663633518	3.98148384099063E-07		66.9073739228109	0.000200011609151123		70.348311832048	2.43648942042508E-07		68.8544780809615	0.000202025454370932
68.6168768378303	4.16943821727332E-07		66.9073568422601	0.000172231670137724		70.5650847384965	2.55475861176366E-07		68.8544598316411	0.000173989334716015
68.8306645424257	4.36569509019548E-07		66.9073423021487	0.000148290761062718		70.7897823194114	2.67841880649103E-07		68.8544442944938	0.000149824361187381
69.0519859197145	4.57060620391451E-07		66.9073299246298	0.000127661435180586		71.0226942810407	2.80770610685274E-07		68.8544310664423	0.000128999132156985
69.2811064490625	4.78453778288091E-07		66.9073193880548	0.0001098882176823		71.2641209205673	2.94286667290028E-07		68.8544198043142	0.00011105469464951
69.5183009650729	5.00787111559427E-07		66.9073104186149	9.45778655324497E-05		71.5143735132867	3.08415714232579E-07		68.8544102159383	9.5594746577462E-05
69.7638539872549	5.24100316151079E-07		66.9073027832255	8.13909297463308E-05		71.7737747139396	3.2318450675555E-07		68.8544020525653	8.22771528000142E-05
70.0180600613114	5.48434718202355E-07		66.9072962834695	7.00344549243879E-05		72.0426589727156	3.38620937079693E-07		68.8543951024144	7.08065969830507E-05
70.2812241124521	5.73833339645171E-07		66.9072907504409	6.02556550763928E-05		72.3213729664657	3.54754081776914E-07		68.8543891851793	6.09282226497624E-05
70.5536618111569	6.00340966401652E-07		66.9072860403556	5.18364487186688E-05		72.6102760456781	3.71614251087567E-07		68.8543841473505	5.24221298242796E-05
70.8356999518295	6.28004219282962E-07		66.9072820308147	4.45887240760121E-05		72.9097406977947	3.89233040260644E-07		68.8543798582324	4.50986138491678E-05
71.1276768447933	6.5687162769363E-07		66.9072786176244	3.8350250958736E-05		73.2201530274653	4.07643382999144E-07		68.8543762065534	3.87940467190671E-05
71.4299427221016	6.86993706252692E-07		66.9072757120876	3.29811420659613E-05		73.5419132543585	4.2687960709558E-07		68.8543730975788	3.33673171748598E-05
71.7428601576478	7.18423034443987E-07		66.9072732386997	2.83607952187281E-05		73.8754362291714	4.46977492346513E-07		68.854370450653	2.86967508626977E-05
72.0668045020797	7.51214339415891E-07		66.9072711331859	2.43852518604019E-05		74.2211519685035	4.67974330838538E-07		68.8543681971074	2.46774510944158E-05
72.4021643330405	7.85424582051415E-07		66.9072693408312	2.09649144788426E-05		74.5795062092841	4.89908989701274E-07		68.8543662784786	2.12189979730281E-05
72.7493419212748	8.2111304643815E-07		66.9072678150585	1.80225722379968E-05		74.950960983468	5.12821976427798E-07		68.8543646449921	1.82434630206112E-05
73.1087537131608	8.5834143286981E-07		66.9072665162184	1.54917018221069E-05		75.335995213741	5.36755506865526E-07		68.8543632542708	1.56836938944419E-05
73.4808308302457	8.97173954517397E-07		66.9072654105586	1.33149925994545E-05		75.7351053310025	5.61753575986617E-07		68.8543620702353	1.34818312505936E-05
73.8660195863846	9.37677437913044E-07		66.9072644693466	1.14430807077216E-05		76.1488059144224	5.8786203154895E-07		68.8543610621685	1.15880307784076E-05
74.2647820231027	9.79921427395578E-07		66.9072636681239	9.83345142574666E-06		76.5776303548956	6.15128650765642E-07		68.8543602039184	9.95935891814286E-06
74.6775964638233	1.02397829367176E-06		66.9072629860693	8.44949396097677E-06		77.0221315427526	6.43603220103787E-07		68.8543594732194	8.55883852439796E-06
75.1049580876263	1.06992334665369E-06		66.9072624054586	7.2596858166161E-06		77.4828825806088	6.73337618339208E-07		68.8543588511153	7.35462764639975E-06
75.547379523225	1.11783495273935E-06		66.9072619112038	6.23689002281766E-06		77.9604775222763	7.04385902998464E-07		68.8543583214669	6.3193099866575E-06
76.0053914638749	1.16779465670852E-06		66.907261490461	5.35774573210481E-06		78.4555321386862	7.3680440032471E-07		68.8543578705336	5.42928215611974E-06
76.47954330395	1.21988730841462E-06		66.9072611322965	4.60214771652902E-06		78.9686847118123	7.70651798909709E-07		68.8543574866171	4.66422601328026E-06
76.970403797953	1.27420119445841E-06		66.9072608274028	3.95279287968984E-06		79.5005968576187	8.05989247139687E-07		68.8543571597573	4.0066539756751E-06
77.478561742747	1.33082817503755E-06		66.9072605678568	3.39479277216617E-06		80.051954379092	8.42880454608915E-07		68.8543568814748	3.44151583954237E-06
78.0046266838291	1.3898638261735E-06		66.9072603469138	2.9153371006393E-06		80.6234681504577	8.81391797660395E-07		68.8543566445499	2.95586069831767E-06
78.5492296464924	1.45140758752466E-06		66.9072601588323	2.50340490253548E-06		81.2158750337228	9.21592429220589E-07		68.8543564428363	2.53854610529782E-06
79.1130238927533	1.51556291600268E-06		66.9072599987247	2.14951741364082E-06		81.8299388287232	9.6355439310057E-07		68.8543562711009	2.17998552728041E-06
79.6966857049522	1.58243744541736E-06		66.9072598624304	1.84551987603651E-06		82.4664512579037	1.0073527429436E-06		68.8543561248885	1.87193233069698E-06
80.3009151969673	1.65214315238519E-06		66.9072597464075	1.58440077595401E-06		83.1262329870984	1.05306566600597E-06		68.8543560004058	1.60729339005172E-06
80.9264371540153	1.7247965287426E-06		66.9072596476411	1.36013036063455E-06		83.8101346836288	1.10077461196561E-06		68.8543558944234	1.37996914767351E-06
81.5740019020454	1.80051876071967E-06		66.9072595635644	1.1675231059213E-06		84.5190381130826	1.15056442696045E-06		68.8543558041919	1.18471270868241E-06
82.2443862077703	1.87943591513256E-06		66.9072594919927	1.00212206805435E-06		85.2538572761887	1.20252349306754E-06		68.8543557273704	1.01701402274092E-06
82.9383942104131	1.96167913287056E-06		66.9072594310661	8.60094711339149E-07		86.0155395872534	1.25674387344015E-06		68.854355661966	8.72994038395542E-07
83.6568583862883	2.0473848299583E-06		66.9072593792013	7.38147258901917E-07		86.8050670956767	1.31332146333141E-06		68.8543556062818	7.49319003785109E-07
84.4006405473733	2.13669490648788E-06		66.9072593350504	6.33448370875429E-07		87.6234577521247	1.37235614724051E-06		68.8543555588732	6.43122623699637E-07
85.1706328750693	2.22975696372529E-06		66.9072592974663	5.43565008966844E-07		88.47176672099	1.43395196242727E-06		68.8543555185105	5.51940853469409E-07
85.9677589903902	2.32672452970796E-06		66.9072592654722	4.66406040940744E-07		89.3510877408324	1.49821726905004E-06		68.8543554841463	4.73657338028167E-07
86.7929750618644	2.42775729366255E-06		66.9072592382366	4.00174699750359E-07		90.2625545345537	1.56526492719429E-06		68.8543554548893	4.06451090957989E-07
87.6472709524779	2.53302134958442E-06		66.9072592150519	3.43327379373789E-07		91.2073422711251	1.63521248106645E-06		68.8543554299804	3.48759279310689E-07
88.5316714070345	2.6426894493324E-06		66.9072591953154	2.94537894800639E-07		92.1866690807518	1.7081823506415E-06		68.8543554087734	2.99238238161847E-07
89.4472372813571	2.75694126560894E-06		66.9072591785145	2.52666480524206E-07		93.2017976254279	1.78430203106256E-06		68.8543553907181	2.5673351580125E-07
90.3950668148058	2.87596366520576E-06		66.9072591642124	2.16734838151785E-07		94.2540367269073	1.8637043001041E-06		68.8543553753461	2.202531421063E-07
91.3762969476373	2.9999509929144E-06		66.9072591520375	1.85902230190116E-07		95.3447430541886	1.94652743401987E-06		68.8543553622587	1.88945729585417E-07
92.3921046847874	3.12910536651144E-06		66.9072591416734	1.59446798473904E-07		96.4753228726909	2.03291543211364E-06		68.8543553511164	1.62079028983672E-07
93.4437085077116	3.26363698324826E-06		66.9072591328508	1.36748624142055E-07		97.6472338573742	2.12301825038025E-06		68.8543553416299	1.39024921152971E-07
94.5323698359776	3.40376443828904E-06		66.9072591253403	1.17274920030432E-07		98.861986972144	2.21699204458169E-06		68.8543553335534	1.19243261573483E-07
95.6593945403632	3.5497150555591E-06		66.907259118947	1.00569219008413E-07		100.121148417961	2.31499942313361E-06		68.8543553266771	1.02271000322347E-07
96.8261345092741	3.70172523148126E-06		66.9072591135045	8.62384414736222E-08		101.426341652171	2.41720971019694E-06		68.8543553208228	8.7709488002346E-08
98.0339892703603	3.8600407921001E-06		66.9072591088716	7.39459060117292E-08		102.779249481651	2.52379921938115E-06		68.8543553158385	7.52173702607383E-08
99.2844076692781	4.02491736410846E-06		66.9072591049276	6.3402173805972E-08		104.181616232486	2.63495153848503E-06		68.854355311595	6.4501169091375E-08
100.578889607608	4.19662076031419E-06		66.9072591015703	5.43591437576411E-08		105.63524999895	2.75085782571368E-06		68.8543553079822	5.53088970770689E-08
101.918987842017	4.37542738010345E-06		66.9072590987123	4.66033017628469E-08		107.142024974717	2.87171711783345E-06		68.8543553049063	4.74240226550237E-08
103.306309846821	4.56162462547828E-06		66.9072590962794	3.99524130184E-08		108.703883869285	2.99773665073864E-06		68.8543553022875	4.06612612072437E-08
104.742519742182	4.75551133327048E-06		66.9072590942084	3.42486893852918E-08		110.322840412746	3.12913219292893E-06		68.8543553000579	3.48613989435187E-08
106.229340290251	4.95739822415283E-06		66.9072590924454	2.93580477173074E-08		112.000981952121	3.26612839240918E-06		68.8543552981597	2.98870604219404E-08
107.76855496166	5.16760836909759E-06		66.9072590909446	2.51646296840938E-08		113.740472142607	3.40895913755113E-06		68.8543552965436	2.56214382999876E-08
109.362010074825	5.38647767395142E-06		66.907259089667	2.15689676258338E-08		115.543553737218	3.55786793247124E-06		68.8543552951676	2.19637258258386E-08
111.011617010645	5.61435538282652E-06		66.9072590885795	1.84860435645028E-08		117.412551478398	3.71310828750646E-06		68.8543552939962	1.88270586815813E-08
112.71935450524	5.85160460103197E-06		66.9072590876536	1.58435058091668E-08		119.349875095354	3.87494412538674E-06		68.8543552929988	1.61375957573589E-08
114.487271023483	6.09860283829571E-06		66.9072590868655	1.35779258749379E-08		121.358022410954	4.04365020373378E-06		68.8543552921497	1.38317774676623E-08
116.317487216176	6.35574257306022E-06		66.9072590861946	1.16357084327432E-08		123.439582562214	4.21951255453362E-06		68.8543552914268	1.18549730077879E-08
118.212198463812	6.62343183866101E-06		66.9072590856235	9.97078527224049E-09		125.597239338516	4.40282894126285E-06		68.8543552908113	1.01603119605351E-08
120.173677509976	6.90209483222953E-06		66.9072590851374	8.54383178342617E-09		127.833774641856	4.59390933436781E-06		68.8543552902873	8.7071985511211E-09
122.204277187547	7.19217254719514E-06		66.9072590847235	7.32089401872667E-09		130.152072073601	4.79307640583162E-06		68.8543552898411	7.46182260880479E-09
124.306433240969	7.49412343029205E-06		66.9072590843712	6.27250189263686E-09		132.55512065236	5.00066604358568E-06		68.8543552894613	6.39429919192934E-09
126.482667247971	7.80842406401262E-06		66.9072590840713	5.37412415660428E-09		135.046018667774	5.21702788656052E-06		68.8543552891379	5.47909032066303E-09
128.735589644252	8.13556987548863E-06		66.907259083816	4.6044045922862E-09		137.627977675195	5.44252588119023E-06		68.8543552888626	4.69490985564254E-09
131.067902854749	8.47607587280695E-06		66.9072590835987	3.94444527029362E-09		140.304326636392	5.6775388602318E-06		68.8543552886282	4.02276214610373E-09
133.48240453525	8.83047740982352E-06		66.9072590834137	3.37931571345696E-09		143.078516211637	5.92246114478088E-06		68.8543552884286	3.44656831562871E-09
135.981990928237	9.19933098056071E-06		66.9072590832562	2.89478704971188E-09		145.954123208701	6.17770317041182E-06		68.8543552882587	2.95300716536336E-09
138.569660336988	9.58321504432962E-06		66.9072590831221	2.47965407569629E-09		148.934855194486	6.44369213839568E-06		68.8543552881141	2.52972470387743E-09
141.248516722094	9.98273088275204E-06		66.907259083008	2.12382899211795E-09		152.02455527525	6.72087269299803E-06		68.8543552879909	2.16727950517738E-09
144.021773424733	1.0398503489909E-05		66.9072590829109	1.81925402460841E-09		155.227207051594	7.00970762588878E-06		68.854355287886	1.85650793130261E-09
146.892757021123	1.08311824968826E-05		66.9072590828282	1.55822576279907E-09		158.546939754576	7.31067860874644E-06		68.8543552877968	1.59046780677447E-09
149.864911312827	1.12814431320142E-05		66.9072590827578	1.33458468369756E-09		161.988033569598	7.62428695516978E-06		68.8543552877208	1.36229860896031E-09
152.941801457654	1.17499872182448E-05		66.9072590826978	1.14288444412025E-09		165.55492515492	7.95105441306757E-06		68.854355287656	1.16690166478213E-09
156.127118246139	1.22375442089584E-05		66.9072590826468	9.79011572511078E-10		169.252213361913	8.29152398873051E-06		68.854355287601	9.99317195178418E-10
159.424682528721	1.27448722638076E-05		66.9072590826034	8.38142088590683E-10		173.084665164437	8.6462608038497E-06		68.8543552875541	8.56142717636145E-10
162.838449798922	1.32727593660467E-05		66.9072590825664	7.1802426734494E-10		177.057221804972	9.01585298678144E-06		68.8543552875141	7.33030428548263E-10
166.372514938049	1.38220244829677E-05		66.9072590825349	6.14833114443805E-10		181.175005165449	9.40091259942223E-06		68.8543552874801	6.28086318599017E-10
170.031117127077	1.43935187710872E-05		66.9072590825081	5.26161981918447E-10		185.443324370972	9.80207660110466E-06		68.8543552874512	5.37640218625432E-10
173.818644931634	1.49881268277925E-05		66.9072590824854	4.50761692151302E-10		189.867682634959	1.02200078509844E-05		68.8543552874265	4.60526260670924E-10
177.739641566173	1.56067679912361E-05		66.9072590824659	3.85811578932506E-10		194.453784354526	1.06553961504395E-05		68.8543552874056	3.94383246455185E-10
181.798810343645	1.6250397690312E-05		66.9072590824494	3.3058243594076E-10		199.207542465258	1.11089593270724E-05		68.8543552873877	3.37665664376558E-10
186.001020317216	1.69200088466364E-05		66.9072590824353	2.82770006815228E-10		204.135086064855	1.15814443619613E-05		68.8543552873725	2.8908137919074E-10
190.351312120797	1.76166333305226E-05		66.9072590824234	2.42200671003219E-10		209.242768315476	1.20736285618773E-05		68.8543552873595	2.47600049829961E-10
194.854904015378	1.83413434730088E-05		66.9072590824132	2.07436494183733E-10		214.537174634973	1.25863207782418E-05		68.8543552873485	2.12164398205071E-10
199.517198148437	1.90952536360873E-05		66.9072590824045	1.77636084447578E-10		220.025131187581	1.3120362674682E-05		68.8543552873391	1.81391376624609E-10
204.343787033925	1.98795218433524E-05		66.9072590823971	1.51936681202152E-10		225.713713684999	1.36766300451044E-05		68.8543552873311	1.55366846844223E-10
209.340460260596	2.06953514733889E-05		66.9072590823908	1.30093434950072E-10		231.610256509222	1.42560341842907E-05		68.8543552873243	1.33270071493753E-10
214.513211436731	2.15439930182764E-05		66.9072590823855	1.11211532073626E-10		237.72236216888	1.48595233130855E-05		68.8543552873185	1.13956227164566E-10
219.868245379591	2.24267459097172E-05		66.9072590823809	9.53443942813335E-11		244.057911101275	1.54880840603471E-05		68.8543552873136	9.74758207717467E-11
225.411985558218	2.33449604153595E-05		66.907259082377	8.15704971012221E-11		250.625071832755	1.61427430038963E-05		68.8543552873094	8.32648584301608E-11
231.151081798516	2.43000396079933E-05		66.9072590823737	6.99272357292559E-11		257.432311510532	1.6824568272808E-05		68.8543552873058	7.16726796358248E-11
237.092418259842	2.52934414104087E-05		66.9072590823709	5.97949183466013E-11		264.48840681951	1.75346712134558E-05		68.8543552873028	6.11916529733981E-11
243.243121692696	2.63266807187965E-05		66.9072590823685	5.12002558075182E-11		271.802455298208	1.82742081218462E-05		68.8543552873002	5.21542823005355E-11
249.610569987399	2.74013316076895E-05		66.9072590823665	4.35057490569996E-11		279.383887068367	1.90443820448478E-05		68.854355287298	4.48998057302365E-11
256.202401024015	2.85190296195558E-05		66.9072590823648	3.77290816423543E-11		287.242476993355	1.98464446530525E-05		68.8543552872961	3.85115227536759E-11
263.026521834144	2.96814741422721E-05		66.9072590823633	3.18883081774848E-11		295.38835728106	2.06816981880813E-05		68.8543552872945	3.26872336622511E-11
270.091118085558	3.08904308778223E-05		66.907259082362	2.76706642898191E-11		303.832030547511	2.15514974872926E-05		68.8543552872932	2.80751105329093E-11
277.404663901074	3.21477344057096E-05		66.907259082361	2.34067215881027E-11		312.584383358072	2.24572520889333E-05		68.854355287292	2.40539183100828E-11
284.97593202343	3.34552908446776E-05		66.90725908236	2.01195057904963E-11		321.656700263664	2.34004284209265E-05		68.854355287291	2.06337583767892E-11
292.814004338365	3.48150806164978E-05		66.9072590823593	1.71394648168807E-11		331.060678350127	2.4382552076577E-05		68.8543552872902	1.78247321160456E-11
300.928282768521	3.62291613157042E-05		66.9072590823586	1.4816510858063E-11		340.808442319456	2.54052101806412E-05		68.8543552872895	1.498540170625E-11
309.328500551231	3.7699670689315E-05		66.907259082358	1.24686267686025E-11		350.912560122382	2.64700538493163E-05		68.8543552872889	1.27706734796944E-11
318.024733913734	3.92288297307241E-05		66.9072590823576	1.07920754828785E-11		361.386059162431	2.75788007478662E-05		68.8543552872883	1.1190648819396E-11
327.027414159806	4.08189458921137E-05		66.9072590823572	9.09771696098114E-12		372.242443092373	2.87332377497148E-05		68.8543552872879	9.26296822691694E-12
336.347340182318	4.24724164198961E-05		66.9072590823568	8.08893703175902E-12		383.495709224695	2.99352237010256E-05		68.8543552872875	8.31259644136721E-12
345.995691416716	4.41917318178683E-05		66.9072590823565	6.71599912279123E-12		395.160366578569	3.11866922949271E-05		68.8543552872872	6.68374842981829E-12
355.984041250981	4.59794794429359E-05		66.9072590823563	5.68406978654371E-12		407.251454586561	3.24896550596829E-05		68.8543552872869	6.04567773588854E-12
366.324370908132	4.78383472384524E-05		66.907259082356	4.99849119386848E-12		419.784562485224	3.38462044653288E-05		68.8543552872867	5.06331823745051E-12
377.029083817943	4.97711276104059E-05		66.9072590823559	4.3057897067239E-12		432.775849414547	3.52585171534145E-05		68.8543552872865	4.41009546899472E-12
388.111020495099	5.17807214518779E-05		66.9072590823557	3.60596532510997E-12		446.2420652522	3.67288572947319E-05		68.8543552872863	3.75013844519402E-12
399.583473941649	5.38701423214365E-05		66.9072590823556	2.89901804902668E-12		460.200572209426	3.82595800800288E-05		68.8543552872862	3.08344716604841E-12
411.460205592227	5.60425207812699E-05		66.9072590823555	2.54910585821971E-12		474.669367216418	3.98531353489894E-05		68.8543552872861	2.75431043606618E-12
423.755461821159	5.83011089011768E-05		66.9072590823554	2.56157092354108E-12		489.667105126057	4.15120713628853E-05		68.854355287286	2.42180657841149E-12
436.483991031274	6.064928493469E-05		66.9072590823553	1.83859713490175E-12		505.213122765919	4.32390387265922E-05		68.8543552872859	1.73827966090362E-12
449.661061344907	6.30905581738717E-05		66.9072590823552	1.47800060239075E-12		521.327463869558	4.50367944658045E-05		68.8543552872858	1.74669748008476E-12
463.30247891831	6.56285739895792E-05		66.9072590823552	1.4851234968601E-12		538.030904919219	4.6908206265598E-05		68.8543552872857	1.40409223941271E-12
477.424606901446	6.82671190642324E-05		66.9072590823551	1.11918479349709E-12		555.344981933294	4.88562568766543E-05		68.8543552872857	1.41082649475761E-12
492.044385065921	7.10101268243977E-05		66.9072590823551	1.12452696434911E-12		573.292018233064	5.08840486957723E-05		68.8543552872856	1.06317056257689E-12
507.179350124562	7.38616830807659E-05		66.907259082355	1.12986913520112E-12		591.895153224518	5.29948085274862E-05		68.8543552872856	7.12147502723712E-13
522.847656767061	7.68260318834096E-05		66.907259082355	7.56807537368758E-13		611.178372232366	5.51918925339389E-05		68.8543552872856	1.07327194559425E-12
539.068099436878	7.99075816004638E-05		66.907259082355	3.80184492301717E-13		631.166537424709	5.74787913803953E-05		68.8543552872855	3.59440879034309E-13
555.86013487555	8.3110911228736E-05		66.907259082355	7.63930431838111E-13		651.885419868234	5.98591355841001E-05		68.8543552872855	7.2224888574107E-13
573.243905461437	8.64407769450166E-05		66.9072590823549	3.83745939536394E-13		673.361732755276	6.23367010744446E-05		68.8543552872855	3.62808006706761E-13
591.240263370899	8.99021189072322E-05		66.9072590823549	3.85526663153732E-13		695.623165845567	6.49154149727726E-05		68.8543552872855	3.64491570542987E-13
609.870795590901	9.35000683149104E-05		66.9072590823549	3.8730738677107E-13		718.698421167094	6.75993616004287E-05		68.8543552872854	3.66175134379214E-13
629.157849813024	9.72399547387865E-05		66.9072590823549	3.89088110388409E-13		742.617250022091	7.03927887240464E-05		68.8543552872854	3.6785869821544E-13
649.124561239965	0.000101127313729752		66.9072590823549	0		767.410491345879	7.33001140473408E-05		68.8543552872854	3.69542262051666E-13
669.79488033667	0.000105167894717736		66.9072590823549	3.92649557623085E-13		793.110111468007	7.63259319591362E-05		68.8543552872854	3.71225825887893E-13
691.193601559391	0.000109367669211495		66.9072590823549	0		819.749245326958	7.9475020547643E-05		68.8543552872854	0
713.346393097122	0.000113732839310717		66.9072590823549	3.96211004857762E-13		847.362239191568	8.27523488914863E-05		68.8543552872854	3.74592953560345E-13
736.279827661107	0.000118269846542275		66.9072590823549	0		875.984694944226	8.61630846382562E-05		68.8543552872854	0
760.021414359322	0.00012298538103288		66.9072590823549	0		905.653515982965	8.97126018819846E-05		68.8543552872854	0
784.599631694203	0.000127886391030896		66.9072590823548	4.01553175709777E-13		936.406954801607	9.34064893511425E-05		68.8543552872854	0
810.043961723166	0.000132980092790548		66.9072590823548	0		968.284662309334	9.72505589194363E-05		68.8543552872854	3.8132720890525E-13
836.384925422921	0.000138273980832166		66.9072590823548	0		1001.32773895324	0.000101250854452012		68.8543552872854	0
863.654119299987	0.000143775838592792		66.9072590823548	0		1035.57878770983	0.000105413661000217		68.8543552872854	0
891.884253291321	0.000149493749481847		66.9072590823548	0		1071.08196901368	0.000109745514358613		68.8543552872854	0
921.109190000542	0.00015543610835722		66.9072590823548	0		1107.88305769427	0.0001142532109984		68.8543552872854	0
951.363985316787	0.000161611633437667		66.9072590823548	0		1146.02950199418	0.000118943818391992		68.8543552872854	0
982.684930464942	0.000168029378667986		66.9072590823548	4.14018241031144E-13		1185.57048474486	0.00012382468574419		68.8543552872854	3.91428591922608E-13
1015.10959553769	0.000174698746554181		66.9072590823548	0		1226.55698677891	0.000128903455145639		68.8543552872854	0
1048.67687456158	0.000181629501486273		66.9072590823548	0		1269.04185266046	0.000134188073165377		68.8543552872854	0
1083.42703215115	0.000188831783567252		66.9072590823548	0		1313.07985881852	0.000139686802899467		68.8543552872854	0
1119.4017518072	0.0001963161229673		66.9072590823548	0		1358.72778417115	0.000145408236493686		68.8543552872854	0
1156.64418591689	0.000204093454823041		66.9072590823548	0		1406.04448333143	0.000151361308158773		68.8543552872854	0
1195.19900751593	0.00021217513470265		66.9072590823548	0		1455.09096248966	0.000157555307697523		68.8543552872854	0
1235.11246387477	0.000220572954657812		66.9072590823548	0		1505.93045806965	0.000163999894563742		68.8543552872854	0
1276.43243197309	0.000229299159885058		66.9072590823548	0		1558.62851826046	0.000170705112473988		68.8543552872854	0
1319.20847592921	0.000238366466019288		66.9072590823548	0		1613.25308752876	0.000177681404593479		68.8543552872854	0
1363.49190645321	0.000247788077083405		66.9072590823548	0		1669.87459422071	0.000184939629318887		68.8543552872854	0
1409.33584239515	0.0002575777041188		66.9072590823548	0		1728.56604136641	0.000192491076681203		68.8543552872854	0
1456.79527446217	0.000267749584522441		66.9072590823548	0		1789.40310080386	0.000200347485392964		68.8543552872854	0
1505.92713118096	0.000278318502117151		66.9072590823548	0		1852.46421074392	0.00020852106056504		68.8543552872854	0
1556.7903471846	0.000289299807982809		66.9072590823548	0		1917.83067690195	0.000217024492119132		68.8543552872854	0
1609.44593390587	0.000300709442077123		66.9072590823548	0		1985.58677732661	0.00022587097392315		68.8543552872854	0
1663.95705276165	0.000312563955675806		66.9072590823548	0		2055.81987106089	0.000235074223677878		68.8543552872854	0
1720.38909091626	0.000324880534662988		66.9072590823548	0		2128.62051077559	0.00024464850358394		68.8543552872854	0
1778.80973971471	0.000337677023704081		66.9072590823548	0		2204.08255952033	0.00025460864182		68.8543552872854	0
1839.28907587976	0.000350971951333988		66.9072590823548	0		2282.30331174269	0.000264970054863373		68.8543552872854	0
1901.89964557035	0.000364784555995755		66.9072590823548	0		2363.38361873156	0.000275748770686436		68.8543552872854	0
1966.71655140217	0.000379134813064908		66.9072590823548	0		2447.42801864631	0.000286961452862771		68.8543552872854	0
2033.81754253469	0.000394043462896935		66.9072590823548	0		2534.54487129957	0.00029862542561844		68.8543552872854	0
2103.28310793285	0.000409532039936396		66.9072590823548	0		2624.8464978673	0.000310758699865615		68.8543552872854	0
2175.19657291515	0.000425622902927637		66.9072590823548	0		2718.44932570627	0.000323380000256625		68.8543552872854	0
2249.64419910402	0.00044233926626858		66.9072590823548	0		2815.47403846582	0.000336508793298403		68.8543552872854	0
2326.71528789833	0.000459705232550691		66.9072590823548	0		2916.04573168716	0.000350165316568566		68.8543552872854	0
2406.5022875922	0.000477745826329759		66.9072590823548	0		3020.29407409118	0.000364370609076274		68.8543552872854	0
2489.10090426853	0.000496487029173791		66.9072590823548	0		3128.35347476238	0.000379146542812247		68.8543552872854	0
2574.61021660039	0.000515955816036203		66.9072590823548	0		3240.36325644469	0.000394515855534827		68.8543552872854	0
2663.13279469778	0.00053618019300392		66.9072590823548	0		3356.4678351726	0.000410502184839519		68.8543552872854	0
2754.77482314253	0.000557189236472738		66.9072590823548	0		3476.81690646906	0.000427130103562808		68.8543552872854	0
2849.64622835884	0.000579013133802668		66.9072590823548	0		3601.56563835037	0.000444425156571784		68.8543552872854	0
2947.86081047214	0.000601683225509957		66.9072590823548	0		3730.87487138683	0.000462413898993785		68.8543552872854	0
3049.53637981464	0.000625232049052901		66.9072590823548	0		3864.91132607709	0.000481123935942124		68.8543552872854	0
3154.7948982411	0.000649693384271703		66.9072590823548	0		4003.84781780363	0.00050058396379609		68.8543552872854	0
3263.76262542455	0.000675102300544477		66.9072590823548	0		4147.8634796464	0.000520823813096207		68.8543552872854	0
3376.57027030718	0.000701495205723937		66.9072590823548	0		4297.14399334209	0.000541874493116899		68.8543552872854	0
3493.3531478884	0.000728909896921689		66.9072590823548	0		4451.88182868652	0.0005637682381827		68.8543552872854	0
3614.25134153776	0.000757385613209672		66.9072590823548	0		4612.27649168916	0.000586538555795369		68.8543552872854	0
3739.40987102778	0.000786963090310645		66.9072590823548	0		4778.53478179944	0.000610220276642683		68.8543552872854	0
3868.97886648802	0.000817684617352568		66.9072590823548	0		4950.87105853665	0.000634849606562034		68.8543552872854	0
4003.11374848911	0.000849594095764466		66.9072590823548	0		5129.50751786715	0.000660464180535042		68.8543552872854	0
4141.97541447285	0.00088273710039401		66.9072590823548	0		5314.67447868526	0.000687103118791929		68.8543552872854	0
4285.73043175181	0.000917160942930594		66.9072590823548	0		5506.61067976713	0.000714807085108509		68.8543552872854	0
4434.55123731016	0.000952914737720109		66.9072590823548	0		5705.56358758059	0.000743618347379937		68.8543552872854	0
4588.61634464522	0.000990049470061642		66.9072590823548	0		5911.78971534764	0.000773580840560899		68.8543552872854	0
4748.11055789793	0.00102861806707887		66.9072590823548	0		6125.55495377111	0.000804740232063695		68.8543552872854	0
4913.22519352906	0.00106867547126316		66.9072590823548	0		6347.13491385193	0.000837143989709966		68.8543552872854	0
5084.15830980713	0.00111027871678839		66.9072590823548	0		6576.81528223885	0.000870841452335367		68.8543552872854	0
5261.11494438313	0.00115348700870176		66.9072590823548	0		6814.89218956887	0.000905883903150389		68.8543552872854	0
5444.30736023734	0.00119836180509821		66.9072590823548	0		7061.67259227329	0.000942324645964179		68.8543552872854	0
5633.95530029288	0.00124496690239076		66.9072590823548	0		7317.47466834166	0.000980219084383569		68.8543552872854	0
5830.28625100174	0.00129336852379254		66.9072590823548	0		7582.62822755383	0.00101962480410142		68.8543552872854	0
6033.53571521927	0.00134363541113138		66.9072590823548	0		7857.47513670906	0.00106060165839586		68.8543552872854	0
6243.94749469448	0.00139583892012149		66.9072590823548	0		8142.36976040044	0.00110321185696427		68.8543552872854	0
6461.77398251508	0.00145005311922229		66.9072590823548	0		8437.67941790295	0.00114752005822199		68.8543552872854	0
6687.27646585799	0.00150635489221874		66.9072590823548	0		8743.78485676416	0.00119359346520001		68.8543552872854	0
6920.72543940845	0.00156482404466249		66.9072590823548	0		9061.08074370826	0.00124150192518193		68.8543552872854	0
7162.40092982372	0.00162554341431898		66.9072590823548	0		9389.97617348626	0.00129131803322457		68.8543552872854	0
7412.59283163064	0.00168859898577022		66.9072590823548	0		9730.89519632852	0.00134311723971459		68.8543552872854	0
7671.60125495981	0.0017540800093294		66.9072590823548	0		10084.2773646796	0.00139697796211552		68.8543552872854	0
7939.73688553365	0.00182207912442838		66.9072590823548	0		10450.5782999206	0.00145298170107032		68.8543552872854	0
8217.32135734	0.00189269248764634		66.9072590823548	0		10830.2702798086	0.00151121316102671		68.8543552872854	0
8504.68763843854	0.00196601990555265		66.9072590823548	0		11223.842847393	0.00157176037556187		68.8543552872854	0
8802.18043036248	0.00204216497254507		66.9072590823548	0		11631.8034421904	0.00163471483758843		68.8543552872854	0
9110.1565815949	0.00212123521386965		66.9072590823548	0		12054.6780544353	0.00170017163463119		68.8543552872854	0
9428.98551561554	0.00220334223401709		66.9072590823548	0		12493.0119032475	0.00176822958937113		68.8543552872854	0
9759.04967403156	0.00228860187069613		66.9072590823548	0		12947.3701395921	0.00183899140566229		68.8543552872854	0
10100.7449753238	0.00237713435459336		66.9072590823548	0		13418.338574938	0.00191256382023133		68.8543552872854	0
10454.481289759	0.00246906447513576		66.9072590823548	0		13906.5244365538	0.0019890577602827		68.8543552872854	0
10820.6829310368	0.00256452175248071		66.9072590823548	0		14412.5571504161	0.00206858850723699		68.8543552872854	0
11199.7891652631	0.00266364061596659		66.9072590823548	0		14937.0891527385	0.00215127586684074		68.8543552872854	0
11592.2547378578	0.00276656058926537		66.9072590823548	0		15480.7967311684	0.00223724434589444		68.8543552872854	0
11998.5504190313	0.00287342648248881		66.9072590823548	0		16044.3808967355	0.00232662333585589		68.8543552872854	0
12419.1635684825	0.00298438859150721		66.9072590823548	0		16628.5682876768	0.00241954730358394		68.8543552872854	0
12854.5987199965	0.00309960290475163		66.9072590823548	0		17234.112106303	0.00251615598950252		68.8543552872854	0
13305.3781866429	0.00321923131777803		66.9072590823548	0		17861.7930901146	0.00261659461346754		68.8543552872854	0
13772.0426873001	0.00334344185588673		66.9072590823548	0		18512.4205184197	0.00272101408864017		68.8543552872854	0
14255.1519952594	0.00347240890509313		66.9072590823548	0		19186.8332557504	0.00282957124367349		68.8543552872854	0
14755.2856096828	0.0036063134517675		66.9072590823548	0		19885.900833425	0.00294242905353553		68.8543552872854	0
15273.0434507247	0.00374534333126412		66.9072590823548	0		20610.5245706487	0.00305975687930351		68.8543552872854	0
15809.0465791476	0.0038896934858778		66.9072590823548	0		21361.6387365993	0.00318173071727625		68.8543552872854	0
16363.9379412968	0.00403956623247498		66.9072590823548	0		22140.2117549951	0.00330853345776468		68.8543552872854	0
16938.383140327	0.00419517154016229		66.9072590823548	0		22947.2474527	0.00344035515393907		68.8543552872854	0
17533.071234607	0.00435672731836649		66.9072590823548	0		23783.7863539736	0.00357739330111571		68.8543552872854	0
18148.7155642582	0.00452445971571563		66.9072590823548	0		24650.9070220359	0.00371985312689361		68.8543552872854	0
18786.0546068206	0.00469860343012419		66.9072590823548	0		25549.7274496766	0.00386794789255736		68.8543552872854	0
19445.8528630712	0.00487940203050153		66.9072590823548	0		26481.4065007014	0.00402189920618354		68.8543552872854	0
20128.9017740575	0.00506710829051689		66.9072590823548	0		27447.1454040737	0.00418193734790311		68.8543552872854	0
20836.0206704469	0.00526198453487175		66.9072590823548	0		28448.189302679	0.00434830160779065		68.8543552872854	0
21568.0577553299	0.00546430299854656		66.9072590823548	0		29485.8288587079	0.00452124063686713		68.8543552872854	0
22325.8911216567	0.00567434619950598		66.9072590823548	0		30561.4019177274	0.00470101281172836		68.8543552872854	0
23110.4298055267	0.00589240732536506		66.9072590823548	0		31676.2952335873	0.00488788661331842		68.8543552872854	0
23922.6148765956	0.00611879063453781		66.9072590823548	0		32831.9462563848	0.00508214102040226		68.8543552872854	0
24763.4205669069	0.00635381187240856		66.9072590823548	0		34029.8449857916	0.00528406591830247		68.8543552872854	0
25633.8554395023	0.00659779870308638		66.9072590823548	0		35271.5358921354	0.00549396252349045		68.8543552872854	0
26534.9635982134	0.00685109115732447		66.9072590823548	0		36558.6199077102	0.00571214382464631		68.8543552872854	0
27467.8259400847	0.00711404209720755		66.9072590823548	0		37892.7564908845	0.00593893504082274		68.8543552872854	0
28433.5614519307	0.00738701769823255		66.9072590823548	0		39275.665765668	0.00617467409737345		68.8543552872854	0
29433.3285525831	0.00767039794943211		66.9072590823548	0		40709.1307394955	0.00641971212033838		68.8543552872854	0
30468.326482437	0.00796457717221259		66.9072590823548	0		42194.9996020874	0.00667441394998751		68.8543552872854	0
31539.7967419632	0.00826996455860579		66.9072590823548	0		43735.1881083506	0.00693915867427643		68.8543552872854	0
32649.0245809128	0.00858698472965798		66.9072590823548	0		45331.6820483928	0.00721434018297396		68.8543552872854	0
33797.3405399996	0.00891607831470632		66.9072590823548	0		46986.5398078337	0.00750036774326446		68.8543552872854	0
34986.12204691	0.00925770255232249		66.9072590823548	0		48701.8950217154	0.00779766659765336		68.8543552872854	0
36216.7950685546	0.00961233191373057		66.9072590823548	0		50479.9593254325	0.00810667858503742		68.8543552872854	0
37490.8358215439	0.00998045874953688		66.9072590823548	0		52323.0252062297	0.00842786278583248		68.8543552872854	0
38809.7725429392	0.0103625939606411		66.9072590823548	0		54233.4689589429	0.00876169619209513		68.8543552872854	0
40175.1873234032	0.0107592676942292		66.9072590823548	0		56213.7537497948	0.00910867440358968		68.8543552872854	0
41588.7180049487	0.0111710300657832		66.9072590823548	0		58266.4327921955	0.0094693123508165		68.8543552872854	0
43052.0601455631	0.0115984519080766		66.9072590823548	0		60394.1526386415	0.00984414504603361		68.8543552872854	0
44566.9690530631	0.0120421255481621		66.9072590823548	0		62599.6565929595	0.0102337283633551		68.8543552872854	0
46135.2618906215	0.0125026656133916		66.9072590823548	0		64885.7882472921	0.0106386398490481		68.8543552872854	0
47758.8198564901	0.0129807098675541		66.9072590823548	0		67255.4951483883	0.0110594795631946		68.8543552872854	0
49439.5904405342	0.0134769200782482		66.9072590823548	0		69711.8325979223	0.0114968709539236		68.8543552872854	0
51179.5897602855	0.0139919829166561		66.9072590823548	0		72257.9675917446	0.0119514617654835		68.8543552872854	0
52980.9049793146	0.0145266108909241		66.9072590823548	0		74897.182903141	0.0124239249814391		68.8543552872854	0
54845.6968108248	0.0150815433144013		66.9072590823548	0		77632.8813153657	0.0129149598043692		68.8543552872854	0
56776.2021094708	0.0156575473100324		66.9072590823548	0		80468.5900089049	0.0134252926734587		68.8543552872854	0
58774.7365545098	0.0162554188522533		66.9072590823548	0		83407.9651091282	0.0139556783214546		68.8543552872854	0
60843.6974275042	0.0168759838477834		66.9072590823548	0		86454.7964001907	0.0145069008724985		68.8543552872854	0
62985.5664879088	0.0175200992567621		66.9072590823548	0		89613.012211263	0.0150797749824166		68.8543552872854	0
65202.91294999	0.0181886542557323		66.9072590823548	0		92886.6844813902	0.0156751470230961		68.8543552872854	0
67498.3965646491	0.0188825714440218		66.9072590823548	0		96280.0340095088	0.0162938963126657		68.8543552872854	0
69874.770809846	0.0196028080951562		66.9072590823548	0		99797.4358963923	0.0169369363932178		68.8543552872854	0
72334.8861934506	0.0203503574549453		66.9072590823548	0		103443.425185539	0.0176052163579316		68.8543552872854	0
74881.6936724833	0.0211262500880121		66.9072590823548	0		107222.702710278	0.0182997222294864		68.8543552872854	0
77518.2481928461	0.0219315552745496		66.9072590823548	0		111140.141154629	0.0190214783917461		68.8543552872854	0
80247.7123537908	0.022767382459172		66.9072590823548	0		115200.791335734	0.0197715490767651		68.8543552872854	0
83073.360201519	0.0236348827538078		66.9072590823548	0		119409.88871596	0.020551039909252		68.8543552872854	0
85998.5811564657	0.0245352504966322		66.9072590823548	0		123772.860153062	0.0213610995106948		68.8543552872854	0
89026.8840789756	0.0254697248691324		66.9072590823548	0		128295.330897119	0.0222029211654669		68.8543552872854	0
92161.9014782507	0.0264395915734605		66.9072590823548	0		132983.131843267	0.0230777445512677		68.8543552872854	0
95407.3938696168	0.0274461845723171		66.9072590823548	0		137842.307049558	0.0239868575364109		68.8543552872854	0
98767.2542853359	0.0284908878936915		66.9072590823548	0		142879.121529669	0.0249315980465099		68.8543552872854	0
102245.512944375	0.0295751375028632		66.9072590823548	0		148100.069330483	0.0259133560032467		68.8543552872854	0
105846.342086736	0.0307004232441725		66.9072590823548	0		153511.88190497	0.0269335753379917		68.8543552872854	0
109574.060978134	0.0318682908551457		66.9072590823548	0		159121.536791161	0.0279937560831612		68.8543552872854	0
113433.141091049	0.0330803440556642		66.9072590823548	0		164936.266608395	0.0290954565442957		68.8543552872854	0
117428.21146834	0.0343382467149705		66.9072590823548	0		170963.568382462	0.0302402955559932		68.8543552872854	0
121564.064275877	0.0356437250993943		66.9072590823548	0		177211.213211633	0.0314299548248797		68.8543552872854	0
125845.660550838	0.0369985702038053		66.9072590823548	0		183687.256286065	0.03266618136301		68.8543552872854	0
130278.136152568	0.0384046401698946		66.9072590823548	0		190400.047273494	0.0339507900151554		68.8543552872854	0
134866.807923148	0.0398638627945147		66.9072590823548	0		197358.241084588	0.0352856660835979		68.8543552872854	0
139617.18006505	0.0413782381314207		66.9072590823548	0		204570.809031873	0.0366727680541785		68.8543552872854	0
144534.950743536	0.0429498411898786		66.9072590823548	0		212047.050396588	0.0381141304275024		68.8543552872854	0
149626.018921723	0.0445808247337389		66.9072590823548	0		219796.604418399	0.039611866659329		68.8543552872854	0
154896.491436501	0.0462734221847049		66.9072590823548	0		227829.462723431	0.0411681722143861		68.8543552872854	0
160352.690323809	0.0480299506336637		66.9072590823548	0		236155.982206631	0.0427853277379084		68.8543552872854	0
166001.16040204	0.0498528139640869		66.9072590823548	0		244786.898385083	0.0444657023494872		68.8543552872854	0
171848.67712268	0.0517445060916684		66.9072590823548	0		253733.339239483	0.0462117570639028		68.8543552872854	0
177902.254697595	0.0537076143245007		66.9072590823548	0		263006.839561627	0.0480260483438279		68.8543552872854	0
184169.154512721	0.0557448228482738		66.9072590823548	0		272619.355826407	0.0499112317894752		68.8543552872854	0
190656.893838234	0.057858916341131		66.9072590823548	0		282583.281607487	0.0518700659704564		68.8543552872854	0
197373.254845668	0.0600527837229851		66.9072590823548	0		292911.463556539	0.0539054164052949		68.8543552872854	0
204326.293942782	0.0623294220442971		66.9072590823548	0		303617.21796664	0.0560202596943312		68.8543552872854	0
211524.351437384	0.0646919405194749		66.9072590823548	0		314714.347941187	0.0582176878118179		68.8543552872854	0
218976.061541686	0.0671435647102674		66.9072590823548	0		326217.161190461	0.060500912563416		68.8543552872854	0
226690.362729224	0.0696876408647084		66.9072590823548	0		338140.488478793	0.0628732702153965		68.8543552872854	0
234676.508456725	0.072327640417389		66.9072590823548	0		350499.702746107	0.0653382263021557		68.8543552872854	0
242944.078263814	0.0750671646570204		66.9072590823548	0		363310.738928505	0.0678993806189008		68.8543552872854	0
251502.989263861	0.0779099495675191		66.9072590823548	0		376590.114503435	0.0705604724065985		68.8543552872854	0
260363.508039755	0.0808598708490171		66.9072590823548	0		390354.950785946	0.073325385736634		68.8543552872854	0
269536.262958872	0.0839209491254849		66.9072590823548	0		404622.995003481	0.0761981551027426		68.8543552872854	0
279032.256922015	0.0870973553458831		66.9072590823548	0		419412.643177661	0.0791829712282871		68.8543552872854	0
288862.880561604	0.090393416386006		66.9072590823548	0		434742.963842578	0.082284187097079		68.8543552872854	0
299039.925904972	0.0938136208584638		66.9072590823548	0		450633.722630165	0.0855063242163566		68.8543552872854	0
309575.60051913	0.0973626251385121		66.9072590823548	0		467105.40775435	0.0888540791208276		68.8543552872854	0
320482.542153989	0.101045259613728		66.9072590823548	0		484179.256426838	0.0923323301270328		68.8543552872854	0
331773.833901587	0.104866535165825		66.9072590823548	0		501877.282238601	0.0959461443476176		68.8543552872854	0
343463.019889516	0.108831649893188		66.9072590823548	0		520222.30354235	0.0997007849755695		68.8543552872854	0
355564.121527376	0.112945996083125		66.9072590823548	0		539237.972872617	0.103601718848646		68.8543552872854	0
368091.654325728	0.117215167442944		66.9072590823548	0		558948.807441351	0.10765462430488		68.8543552872854	0
381060.645307737	0.12164496659957		66.9072590823548	0		579380.220748352	0.111865399340264		68.8543552872854	0
394486.651034384	0.126241412877596		66.9072590823548	0		600558.555347319	0.116240170080217		68.8543552872854	0
408385.776264868	0.131010750366068		66.9072590823548	0		622511.116809727	0.12078529957689		68.8543552872854	0
422774.693274582	0.135959456284723		66.9072590823548	0		645266.208930346	0.125507396944801		68.8543552872854	0
437670.661853839	0.14109424966073		66.9072590823548	0		668853.170219786	0.130413326847752		68.8543552872854	0
453091.550011329	0.146422100327489		66.9072590823548	0		693302.411731114	0.135510219350615		68.8543552872854	0
469055.855407151	0.151950238257332		66.9072590823548	0		718645.45626932	0.140805480149792		68.8543552872854	0
485582.727541118	0.157686163240559		66.9072590823548	0		744914.979034186	0.146306801197051		68.8543552872854	0
502691.990722966	0.163637654923575		66.9072590823548	0		772144.849748947	0.152022171731746		68.8543552872854	0
520404.167852002	0.169812783219458		66.9072590823548	0		800370.176329082	0.157959889737076		68.8543552872854	0
538740.505034725	0.176219919104696		66.9072590823548	0		829627.350147516	0.164128573836666		68.8543552872854	0
557722.997069957	0.182867745816427		66.9072590823548	0		859954.092954614	0.170537175648354		68.8543552872854	0
577374.413832032	0.189765270464986		66.9072590823548	0		891389.505513442	0.177194992612653		68.8543552872854	0
597718.327583715	0.196921836077089		66.9072590823548	0		923974.118013023	0.184111681314271		68.8543552872854	0
618779.141251595	0.204347134085651		66.9072590823548	0		957749.942324565	0.191297271315271		68.8543552872854	0
640582.117697879	0.212051217282709		66.9072590823548	0		992760.526168055	0.198762179519808		68.8543552872854	0
663153.410023691	0.220044513252582		66.9072590823548	0		1029051.00925904	0.206517225090621		68.8543552872854	0
686520.09294024	0.228337838303069		66.9072590823548	0		1066668.18150799	0.214573644938487		68.8543552872854	0
710710.195245464	0.236942411913057		66.9072590823548	0		1105660.54334731	0.222943109806594		68.8543552872854	0
735752.733445133	0.245869871715669		66.9072590823548	0		1146078.36826371	0.231637740972624		68.8543552872854	0
761677.746558716	0.255132289036727		66.9072590823548	0		1187973.76761667	0.240670127592157		68.8543552872854	0
788516.332151784	0.264742185009087		66.9072590823548	0		1231400.7578264	0.250053344708182		68.8543552872854	0
816300.683638148	0.274712547284134		66.9072590823548	0		1276415.33001816	0.259800971951864		68.8543552872854	0
845064.128896503	0.285056847362481		66.9072590823548	0		1323075.5222125	0.269927112961386		68.8543552872854	0
874841.170247868	0.295789058566803		66.9072590823548	0		1371441.49415459	0.280446415546239		68.8543552872854	0
905667.525841809	0.306923674680531		66.9072590823548	0		1421575.60487921	0.291374092625462		68.8543552872854	0
937580.172501065	0.31847572927697		66.9072590823548	0		1473542.49311127	0.302725943969555		68.8543552872854	0
970617.39007597	0.330460815764443		66.9072590823548	0		1527409.1606055	0.314518378776824		68.8543552872854	0
1004818.8073619	0.342895108173834		66.9072590823548	0		1583245.058533	0.326768439116001		68.8543552872854	0
1040225.44963479	0.355795382716013		66.9072590823548	0		1641122.17702568	0.339493824268636		68.8543552872854	0
1076879.78786177	0.369179040137591		66.9072590823548	0		1701115.13799437	0.352712916005159		68.8543552872854	0
1114825.78964592	0.383064128904443		66.9072590823548	0		1763301.29134002	0.366444804830928		68.8543552872854	0
1154108.97196627	0.397469369243678		66.9072590823548	0		1827760.81468222	0.380709317239024		68.8543552872854	0
1194776.45577636	0.412414178075644		66.9072590823548	0		1894576.8167335	0.395527044008476		68.8543552872854	0
1236877.02252669	0.427918694868977		66.9072590823548	0		1963835.44445273	0.410919369587896		68.8543552872854	0
1280461.17267909	0.444003808452637		66.9072590823548	0		2035625.9941158	0.426908502606084		68.8543552872854	0
1325581.186283	0.460691184820438		66.9072590823548	0		2110041.02644679	0.443517507552602		68.8543552872854	0
1372291.18568641	0.478003295964565		66.9072590823548	0		2187176.48595798	0.460770337673488		68.8543552872854	0
1420647.20045671	0.4959634497762		66.9072590823548	0		2267131.8246527	0.478691869127938		68.8543552872854	0
1470707.23458924	0.51459582105256		66.9072590823548	0		2350010.13025039	0.497307936454884		68.8543552872854	0
1522531.33608424	0.533925483651295		66.9072590823548	0		2435918.25909931	0.516645369398992		68.8543552872854	0
1576181.66897564	0.553978443834498		66.9072590823548	0		2524966.97394813	0.536732031148965		68.8543552872854	0
1631722.58789799	0.574781674846317		66.9072590823548	0		2617271.08675417	0.557596858040446		68.8543552872854	0
1689220.71528116	0.596363152769723		66.9072590823548	0		2712949.60671232	0.579269900782279		68.8543552872854	0
1748745.02126524	0.618751893709395		66.9072590823548	0		2812125.89369552	0.601782367260953		68.8543552872854	0
1810366.9064316	0.641977992350349		66.9072590823548	0		2914927.81730467	0.62516666698733		68.8543552872854	0
1874160.28744929	0.666072661941991		66.9072590823548	0		3021487.92173298	0.649456457244598		68.8543552872854	0
1940201.68573956	0.69106827576126		66.9072590823548	0		3131943.59665736	0.674686691006478		68.8543552872854	0
2008570.31926478	0.716998410108819		66.9072590823548	0		3246437.25437714	0.700893666689315		68.8543552872854	0
2079348.197552	0.743897888895043		66.9072590823548	0		3365116.51342859	0.728115079811876		68.8543552872854	0
2152620.22006496	0.771802829874438		66.9072590823548	0		3488134.38891193	0.756390076633444		68.8543552872854	0
2228474.2780427	0.800750692589328		66.9072590823548	0		3615649.48977611	0.785759309845794		68.8543552872854	0
2307001.35992681	0.830780328085797		66.9072590823548	0		3747826.22331598	0.816264996400055		68.8543552872854	0
2388295.66050389	0.861932030467321		66.9072590823548	0		3884835.00714528	0.847950977545978		68.8543552872854	0
2472454.69389405	0.89424759035387		66.9072590823548	0		4026852.4889188	0.880862781172931		68.8543552872854	0
2559579.41052104	0.92777035031662		66.9072590823548	0		4174061.77408714	0.91504768653566		68.8543552872854	0
2649774.31820423	0.962545262361639		66.9072590823548	0		4326652.66197747	0.950554791460382		68.8543552872854	0
2743147.60751785	0.998618947536596		66.9072590823548	0		4484821.89050496	0.987435082123323		68.8543552872854	0
2839811.28156771	1.03603975774198		66.9072590823548	0		4648773.38983016	1.0257415054996		68.8543552872854	0
2939881.29034115	1.07485783982312		66.9072590823548	0		4818718.54528945	1.065529044588		68.8543552872854	0
3043477.6697913	1.11512520203325		66.9072590823548	0		4994876.46993762	1.1068547965122		68.8543552872854	0
3150724.68582262	1.15689578294839		66.9072590823548	0		5177474.28705387	1.1497780536146		68.8543552872854	0
3261750.9833503	1.20022552293123		66.9072590823548	0		5366747.4229756	1.19436038765054		68.8543552872854	0
3376689.74061236	1.24517243823097		66.9072590823548	0		5562939.91063735	1.24066573720804		68.8543552872854	0
3495678.82891961	1.29179669782361		66.9072590823548	0		5766304.7042065	1.28876049846942		68.8543552872854	0
3618860.97803498	1.34016070308592		66.9072590823548	0		5977104.00522115	1.33871361944869		68.8543552872854	0
3746383.94738069	1.39032917041574		66.9072590823548	0		6195609.60065084	1.39059669783361		68.8543552872854	0
3878400.70327865	1.44236921689863		66.9072590823548	0		6422103.21331593	1.44448408256949		68.8543552872854	0
4015069.60243649	1.49635044914108		66.9072590823548	0		6656876.86511742	1.50045297933277		68.8543552872854	0
4156554.58189968	1.55234505538182		66.9072590823548	0		6900233.25354549	1.55858356003489		68.8543552872854	0
4303025.35569715	1.61042790100197		66.9072590823548	0		7152486.14195238	1.61895907651928		68.8543552872854	0
4454657.61841669	1.67067662756466		66.9072590823548	0		7413960.76409251	1.68166597860261		68.8543552872854	0
4611633.25595403	1.73317175550528		66.9072590823548	0		7684994.24345169	1.746794036634		68.8543552872854	0
4774140.56368862	1.79799679061712		66.9072590823548	0		7965936.02790591	1.81443646874003		68.8543552872854	0
4942374.47234761	1.86523833446135		66.9072590823548	0		8257148.3402702	1.88469007293346		68.8543552872854	0
5116536.78182914	1.93498619885705		66.9072590823548	0		8559006.64531836	1.95765536427796		68.8543552872854	0
5296836.4032653	2.00733352459004		66.9072590823548	0		8871900.13387581	2.03343671729139		68.8543552872854	0
5483489.60961513	2.08237690450789		66.9072590823548	0		9196232.22460968	2.11214251379963		68.8543552872854	0
5676720.29508838	2.16021651114985		66.9072590823548	0		9532421.08416306	2.19388529643606		68.8543552872854	0
5876760.24371095	2.24095622909224		66.9072590823548	0		9880900.16630403	2.27878192801562		68.8543552872854	0
6083849.40735449	2.32470379216877		66.9072590823548	0		10242118.7707847	2.36695375699369		68.8543552872854	0
6298236.19356336	2.41157092575967		66.9072590823548	0		10616542.6226306	2.45852678925465		68.8543552872854	0
6520177.76352441	2.50167349432167		66.9072590823548	0		11004654.4726076	2.55363186646363		68.8543552872854	0
6749940.34053689	2.59513165436662		66.9072590823548	0		11406954.7196405	2.65240485123134		68.8543552872854	0
6987799.52935259	2.69207001307391		66.9072590823548	0		11823962.0559852	2.75498681936104		68.8543552872854	0
7234040.64676915	2.79261779276008		66.9072590823548	0		12256214.1359872	2.86152425943308		68.8543552872854	0
7488959.06387323	2.89690900140437		66.9072590823548	0		12704268.2692881	2.97216928002362		68.8543552872854	0
7752860.56034392	3.00508260947078		66.9072590823548	0		13168702.1393742	3.08707982483166		68.8543552872854	0
8026061.69124156	3.11728273323997		66.9072590823548	0		13650114.5483926	3.20641989603116		68.8543552872854	0
8308890.16672177	3.23365882490909		66.9072590823548	0		14149126.1891973	3.33035978615274		68.8543552872854	0
8601685.24513025	3.35436586969001		66.9072590823548	0		14666380.4456182	3.45907631881889		68.8543552872854	0
8904798.13994987	3.47956459018238		66.9072590823548	0		15202544.2219865	3.59275309868206		68.8543552872854	0
9218592.4410882	3.60942165826922		66.9072590823548	0		15758308.802985	3.73158077089839		68.8543552872854	0

