?d Distribution
Sample:	001-100mg-3mm
Sample Mass (mg):	100
File:	16 03 2014 23-54-45.accdb
Method:	02-SURFACE-ENERGY-REDONE
Temperature (K):	323.149933944211
Method:			Schultz		Method:	Schultz		Method:	Dorris/Gray		Method:	Dorris/Gray
Parameter:		Peak Max		Parameter:	Peak Com		Parameter:	Peak Max		Parameter:	Peak Com
R^2:	0.991837131741905		R^2:	0.990693014611337		R^2:	0.992021331743157		R^2:	0.990800880685337
Dispersive Surface Energy [mJ/m^2]	Area Increment [%]		Dispersive Surface Energy [mJ/m^2]	Area Increment [%]		Dispersive Surface Energy [mJ/m^2]	Area Increment [%]		Dispersive Surface Energy [mJ/m^2]	Area Increment [%]
65.5158354722733	0.15730035640244		72.8203667343004	0.121494471639077		68.29377255225	0.158061900602424		75.8649463733309	0.121936254841027
64.1644110725402	0.445801027818422		71.5605795663671	0.346736652109678		66.8812413676013	0.447896783697874		74.5503916723044	0.347965515908681
62.8877316459987	0.701907558498063		70.3621316614627	0.549756637273999		65.5470210989053	0.70510887781693		73.2999577049028	0.55165436153256
61.6816631759636	0.928320751958874		69.2220363998752	0.732184443282395		64.2867701786101	0.932424567544479		72.110516820008	0.734644432781414
60.542300291145		1.12754175197065		68.1374525809414	0.895544037632223		63.0963877362438	1.13236820489494		70.9790939256033	0.898470373705275
59.4659536196625	1.30188586645726		67.1056773425678	1.04125980188969		61.9720002541367	1.30727613089894		69.9028590473173	1.04456636356578
58.4491378424874	1.45349547300621		66.1241394255009	1.17066261648266		60.9099489629517	1.45930976344175		68.8791202499434	1.17427226638676
57.4885604076278	1.58435206528814		65.1903927655609	1.28499558904585		59.9067779360081	1.59046781179083		67.9053169042298	1.2888394196158
56.5811108685138	1.69628749593752		64.3021103978715	1.38541944660406		58.9592228436584	1.70259767441853		66.9790132820992	1.38943608247159
55.7238508120577	1.79099446792945		63.4570786578934	1.47301761074836		58.0642003311229	1.79740607313376		66.097892464278	1.4771525634044
54.9140043437762	1.87003632318924		62.6531916648105	1.54880097389264		57.2187979852192	1.87646897316851		65.2597505450958	1.55300604501001
54.1489490991643	1.93485617407921		61.888446073521	1.61371239368682		56.4202648573376	1.94124083570737		64.4624911199611	1.61794512371352
53.4262077522148	1.98678542050788		61.1609360821553	1.66863092171005		55.6660025118236	1.99306324638867		63.7041200417237	1.67285408056844
52.7434399935864	2.02705169268897		60.4688486826786	1.71437578166443		54.9535565706394	2.03317296053115		62.9827404328093	1.71855689860066
52.098434952447	2.05678625702853		59.8104591427421	1.75171011143816		54.280608726791	2.06270940323863		62.2965479406498	1.75582104126331
51.4891040374504	2.0770309202305		59.1841267075243	1.78134448260095		53.6449692005307	2.08272166009885		61.6438262245415	1.78536100574715
50.913474173667	2.08874446447125		58.5882905108501	1.80394021013446		53.0445696137906	2.0941749919062		61.022942662644	1.80784166412248
50.3696814135686	2.09280864439483		58.0214656853982	1.82011246448065		52.4774562596563	2.09795690469927		60.4323442683804	1.82388140455485
49.8559649013783	2.09003377471405		57.4822396623033	1.83043319731181		51.9417837449837	2.09488280439474		59.8705538060258	1.83405508415033
49.3706611712417	2.0811639353577		56.9692686509316	1.83543389178493		51.4358089854692	2.08570126342242		59.3361660957679	1.83889680433202
48.9121987607572	2.06688181937733		56.4812742900558	1.83560814743488		50.9578855336334	2.07109892500151		58.827844498997	1.83890251903601
48.479093122422	2.04781324720847		56.0170404620862	1.8314141092904		50.5064582212637	2.05170506904932		58.3443175750357	1.83453248543233
48.0699418165178	2.02453136936163		55.5754102624163	1.8232767502536		50.0800580988789	2.02809586216726		57.8843759009446	1.82621356632806
47.6834199698694	1.99756057820061		55.1552831163325	1.81159001527361		49.6772976557515	2.00079831269934		57.4468690464502	1.81434139289063
47.3182759857722	1.96738014813029		54.7556120363012	1.7967188353624		49.2968663049328	1.97029395050235		57.0307026964279	1.7992823958403
46.9733274911953	1.93442762227145		54.3754010127994	1.77900101904379		48.9375261185878	1.93702224979522		56.6348359137439	1.78137571279685
46.6474575081391	1.89910196252836		54.0137025321863	1.75874902839686		48.5981077997649	1.90138381226547		56.2582785356086	1.7609349790307
46.3396108367475	1.86176647886434		53.6696152154304	1.73625164644804		48.2775068774901	1.8637433264937		55.9000886969291	1.73825000845344
46.0487906384645	1.82275155256958		53.3422815718064	1.71177554228097		47.9746801128066	1.82443231871634		55.5593704744669	1.71358837129635
45.7740552081703	1.78235716735122		53.0308858619664	1.68556673987299		47.6886421040636	1.78375170896456		55.235271645908	1.68719687455483
45.5145149248457	1.74085526117107		52.7346520650576	1.65785199632148		47.4184620804082	1.74197418570736		54.926981558239	1.6593029509314
45.2693293708889	1.69849191091791		52.4528419448215	1.62884009480219		47.163260873047	1.699346411264		54.6337291000997	1.63011596168109
45.037704610759	1.65548936121067		52.1847532098554	1.5987230572956		46.9222080544207	1.65609106945273		54.3547807730389	1.59982841845413
44.8188906201327	1.61204790789214		51.9297177634509	1.56767728182884		46.6945192359841	1.61240876619029		54.089438856849	1.56861712893751
44.6121788572496	1.5683476460792		51.687100038648	1.53586460870879		46.4794535157968	1.56847979305245		53.8370396643923	1.53664427082377
44.4168999685828	1.52455009199205		51.456295414356	1.5034333199656		46.27631106762	1.52446576314945		53.5969518815514	1.50405839837138
44.2324216214049	1.48079968717555		51.2367287085935	1.47051907598199		46.0844308636744	1.48051112805382		53.3685749881532	1.47099538557902
44.0581464562303	1.43722519316289		51.027852745093	1.437245793057		45.9031885236481	1.43674458394052		53.1513377559165	1.43757930976159
43.8935101525055	1.39394098409655		50.8291469896971	1.40372646543408		45.7319942829566	1.39328037456222		52.9446968196657	1.4039232790988
43.7379796012821	1.3510482443299		50.6401162531504	1.37006393512253		45.5702910736421	1.35021949817597		52.7481353182371	1.37013020751904
43.5910511789562	1.3086360775658		50.4602894570507	1.33635161264622		45.417552711668	1.30765082506696		52.5611616016791	1.3362935400878
43.4522491164843	1.26678253365252		50.2892184598879	1.30267415167419		45.2732821847103	1.26565213187161		52.383308001511	1.30249793188559
43.3211239587957	1.22555555875488		50.1264769402421	1.26910808031481		45.1370100348744	1.22429105849263		52.2141296609664	1.26881988318666
43.1972511094108	1.1850138742341		49.97165933436	1.23572239169443		45.0082928310734	1.18362599300725		52.0532034222937	1.23532833358581
43.0802294555559	1.14520778921629		49.82437982546	1.20257909628901		44.8867117260983	1.14370688961366		51.9001267683322	1.20208521756825
42.9696800693187	1.10617995149573		49.6842713822489	1.16973373833266		44.7718710936853	1.10457602431973		51.7545168157147	1.16914598386904
42.8652449806421	1.0679660411098		49.5509848442528	1.13723587849236		44.6633972411428	1.06626869276304		51.6160093571794	1.13656008083344
42.7665860181809	1.03059541062803		49.4241880516839	1.10512954486928		44.5609371933515	1.02881385425647		51.4842579505962	1.10437140985873
42.6733837142688	0.994091675929628		49.303565017674	1.07345365426668		44.4641575441796	0.992234725876493		51.3589330524264	1.07261874887782
42.58533627045	0.958473260987033		49.1888151408123	1.04224240555153		44.3727433715753	0.956549330154232		51.2397211934523	1.04133614772608
42.5021585802254	0.923753899935535		49.0796524560244	1.01152564682708		44.2863972128071	0.921770999687868		51.1263241947105	1.0105532971296
42.4235813058488	0.889943099487776		48.9758049219267	0.981329218035153		44.2048380965167	0.887908841769559		51.0184584216716	0.980295872945123
42.3493500061844	0.857046564544598		48.8770137428794	0.951675270511223		44.1278006284352	0.854968165909275		50.9158540747984	0.950585857188844
42.2792243128008	0.825066589656783		48.7830327240486	0.922582564921866		44.0550341277869	0.822950876941189		50.8182545147093	0.921441837300911
42.2129771516332	0.794002418815251		48.6936276578712	0.894066748934786		43.9863018115717	0.791855836216624		50.7254156202581	0.892879285002134
42.1503940076955	0.763850575874185		48.6085757403922	0.866140615886962		43.9213800240705	0.761679193210496		50.6371051779257	0.864910816024317
42.0912722304586	0.734605167756458		48.5276650160212	0.838814345644254		43.8600575090666	0.732414689715326		50.5531023009953	0.837546431915418
42.0354203776478	0.70625816243962		48.4506938493234	0.812095728772375		43.802134722416	0.704053938640665		50.4731968770588	0.81079374505059
41.9826575953331	0.678799643585265		48.3774704225296	0.785990375073966		43.7474231827287	0.676586679298982		50.3971890424728	0.784658187911339
41.9328130323065	0.65221804354629		48.307812257512	0.760501907483049		43.6957448580476	0.650001010929725		50.3248886824492	0.75914320763441
41.8857252868479	0.626500356362692		48.2415457610356	0.735632142247152		43.6469315865311	0.624283606088325		50.2561149555299	0.734250446766129
41.8412418840908	0.60163233224872		48.1785057921512	0.711381256274662		43.6008245292524	0.599419905415177		50.1906958412567	0.709979911108212
41.7992187822926	0.577598654965255		48.1185352506519	0.687747942468011		43.5572736533355	0.575394295194915		50.1284677099051	0.686330125482486
41.7595199064134	0.554383103378733		48.0614846855683	0.664729553817214		43.5161372437474	0.552190269012312		50.0692749132042	0.663298278193617
41.7220167074909	0.53196869840829		48.0072119227251	0.642322236980507		43.477281442155	0.529790574726132		50.0129693950219	0.640880354924106
41.6865877463864	0.510337836489246		47.9555817104334	0.620521056031679		43.440579811349	0.50817734788998		49.9594103210386	0.619071262744185
41.6531183005522	0.489472410589698		47.9064653824331	0.599320107018814		43.4059129238155	0.487332232670622		49.9084637264854	0.597864944888825
41.6214999925487	0.469353919752108		47.8597405372475	0.578712623931951		43.3731679731183	0.467236491241506		49.860002181064	0.577254486900727
41.591630439107	0.449963568057588		47.8152907331496	0.558691076647508		43.3422384068244	0.447871102557163		49.8139044702114	0.557232214713384
41.5634129196021	0.431282353847757		47.773005197981	0.539247261378853		43.3130235797822	0.429216851348994		49.7700552919121	0.537789785206617
41.5367560628611	0.413291149980035		47.7327785530996	0.520372384129126		43.2854284266204	0.411254408124655		49.7283449682982	0.51891826973397
41.5115735512946	0.395970775834686		47.6945105507684	0.502057137615355		43.2593631524046	0.393964400892461		49.6886691713173	0.500608231094375
41.4877838413915	0.379302061739607		47.6581058243303	0.484291772100677		43.2347429404434	0.377327479286041		49.6509286617821	0.482849794387686
41.465309899673	0.363265906433771		47.6234736505482	0.467066160545741		43.2114876762941	0.361324371707471		49.6150290411478	0.465632712167732
41.44407895325	0.347843328139928		47.5905277235156	0.450369858464643		43.1895216870691	0.345935936069631		49.5808805153977	0.44894642428123
41.4240222541779	0.333015509777762		47.5591859395759	0.434192158846347		43.1687734951959	0.331143204669042		49.5483976704455	0.432780112754923
41.4050748568431	0.318763838812168		47.5293701927143	0.418522142480859		43.1491755858281	0.316927423685124		49.5174992584932	0.41712275207234
41.387175407663	0.305069942188156		47.501006179912	0.403348724006082		43.1306641871512	0.303270087764924		49.48810799481	0.40196315515946
41.3702659464166	0.291915716776064		47.4740232159775	0.388660693975214		43.1131790628685	0.290152970113928		49.4601503644234	0.387290015378318
41.3542917185637	0.279283355717333		47.4483540573937	0.374446757219843		43.0966633161919	0.277558148488108		49.4335564382397	0.373091944806693
41.3392009979444	0.267155371028883		47.4239347347427	0.360695567772425		43.0810632046983	0.265468027447562		49.408259698134	0.359357509070672
41.3249449192838	0.255514612801974		47.4007043932888	0.347395760591288		43.066327965452	0.253865357205641		49.3841968705711	0.346075258969684
41.3114773199621	0.244344285301322		47.3786051413245	0.334535980315325		43.0524096498211	0.242733249384856		49.3613077683429	0.33323375912871
41.2987545905351	0.233627960249275		47.3575819058997	0.322104907266458		43.0392629674521	0.232055189962596		49.3395351400247	0.320821613889855
41.2867355335222	0.223349587557028		47.3375822955762	0.310091280893476		43.0268451388948	0.221815049671398		49.3188245267748	0.30882749064518
41.2753812300053	0.213493503745379		47.3185564698644	0.29848392085141		43.0151157563973	0.211997092093554		49.2991241261197	0.297240140799647
41.264654913605	0.204044438275832		47.300457015017	0.287271745886798		43.0040366524189	0.202585979678171		49.2803846623823	0.286048418537143
41.2545218514273	0.194987518000644		47.2832388258705	0.276443790692732		42.9935717754324	0.193566777881373		49.2625592634319	0.275241297558115
41.2449492315954	0.186308269916537		47.2668589934399	0.265989220889773		42.983687072612	0.184924957623468		49.2456033434441	0.264807885938529
41.2359060570014	0.177992622399183		47.2512766979866	0.255897346271555		42.9743503790251	0.176646396232602		49.2294744913813	0.254737439254288
41.2273630449342	0.170026905077896		47.2364531072921	0.246157632449999		42.9655313129672	0.168717377039641		49.2141323649116	0.245019372108235
41.2192925322595	0.162397847494645		47.2223512798857	0.236759711026604		42.9572011770995	0.16112458776802		49.1995385895024	0.235643268177762
41.2116683858438	0.155092576685176		47.2089360729835	0.227693388401349		42.9493328650676	0.153855117854304		49.1856566624361	0.226598888907888
41.2044659179323	0.148098613804458		47.1961740549102	0.218948653332223		42.9419007732969	0.146896454822071		49.1724518615076	0.217876180950986
41.1976618062078	0.141403869907854		47.1840334217844	0.210515683342729		42.9348807176782	0.140236479825262		49.1598911581752	0.209465282459666
41.1912340182707	0.13499664099605		47.1724839182619	0.20238485007483		42.9282498548727	0.133863462459726		49.1479431349481	0.201356528323224
41.1851617402956	0.128865602412668		47.1614967621361	0.194546723670798		42.9219866079794	0.127766054941342		49.1365779068028	0.193540454440484
41.1794253096343	0.122999802686024		47.1510445726116	0.186992076270863		42.9160705963233	0.121933285736402		49.125767046434	0.186007801104223
41.1740061511461	0.117388656890724		47.1411013020686	0.179711884697135		42.910482569137	0.116354552720932		49.1154835131496	0.178749515580066
41.1688867170494	0.112021939601572		47.1316421711508	0.172697332398983		42.9052043429179	0.111019615942779		49.1057015852362	0.171756753946516
41.1640504301005	0.106889777507575		47.1226436070129	0.165939810722941		42.9002187422595	0.105918590050258		49.0963967956219	0.165020882261379
41.1594816299149	0.101982641740493		47.114083184576	0.159430919569503		42.8955095439619	0.101041936448679		49.0875458706781	0.15853347712131
41.1551655222567	0.0972913399770882		47.105939570642	0.15316246749264		42.8910614242416	0.0963804552342745		49.0791266720065	0.152286325662862
41.1510881311345	0.0928070083607652		47.0981924707302	0.147126471295119		42.8868599088677	0.0919252769584451		49.0711181410651	0.146271425066299
41.1472362535446	0.0885211032860824		47.0908225785018	0.141315155170501		42.8828913260626	0.0876678542644888		49.0635002464958	0.140480981604159
41.1435974167192	0.0844253930891993		47.0838115276471	0.13572094943078		42.8791427620138	0.0835999534333774		49.0562539340204	0.134907409284017
41.1401598377377	0.0805119496769532		47.0771418461153	0.130336488871343		42.8756020188523	0.0797136458809232		49.0493610787817	0.129543328126817
41.1369123853729	0.0767731401267568		47.0707969125728	0.125154610802387		42.8722575749606	0.0760012996298631		49.042804440008	0.12438156211739
41.1338445440467	0.0732016182884396		47.0647609149819	0.120168352790156		42.8690985474812	0.0724555707918405		49.03656761789	0.119415136865636
41.1309463797795	0.0697903164122487		47.0590188111957	0.115370950134993		42.8661146569037	0.0690693950826192		49.0306350125608	0.114637277011463
41.1282085080233	0.06653243682362		47.0535562914721	0.110755833123988		42.863296193615	0.0658359793899712		49.0249917850761	0.110041403400361
41.1256220632733	0.0634214436704936		47.048359742813	0.106316624079391		42.8606339863042	0.0627487934211453		49.0196238202991	0.105621130064949
41.1231786703608	0.0604510547533818		47.0434162150396	0.102047134232734		42.8581193721194	0.0598015614383626		49.0145176915942	0.101370261029742
41.120870417333	0.0576152334627113		47.0387133885197	0.0979413604500875		42.855744168478	0.0569882541071102		49.0096606272442	0.0972827869730939
41.1186898298342	0.0549081808281719		47.034239543466	0.0939934818245318		42.853500646441	0.0543030804634897		49.0050404785046	0.0933528817567848
41.116629846902	0.0523243276983306		47.02998353073	0.0901978561655456		42.851381505563	0.0517404800145771		49.0006456892167	0.0895748988556196
41.1146837981041	0.0498583270580699		47.025934744017	0.0865490163923139		42.8493798501358	0.0492951149843515		48.9964652669027	0.0859433676963718
41.1128453819383	0.0475050464929738		47.0220830934548	0.0830416668602762		42.8474891667506	0.0469618627081737		48.9924887552706	0.0824529899263058
41.1111086454277	0.0452595608067685		47.0184189804489	0.0796706796256045		42.8457033031028	0.0447358081886999		48.9887062080609	0.0790986356298694
41.1094679648445	0.0431171448000608		47.014933273762	0.0764310906700776		42.844016447972	0.0426122368135475		48.9851081641676	0.0758753395009191
41.1079180274994	0.0410732662142871		47.0116172867586	0.0733180960951728		42.8424231123132	0.0405866272445735		48.9816856239745	0.0727782969913863
41.1064538145392	0.0391235788418121		47.0084627557568	0.0703270482964123		42.8409181113942	0.0386546444766932		48.9784300268442	0.0698028604409867
41.1050705846946	0.0372639158116188		47.0054618194349	0.0674534521340247		42.8394965479256	0.0368121330764236		48.9753332297062	0.0669445352035557
41.103763858928	0.0354902830463955		47.0026069992405	0.0646929611028689		42.8381537961239	0.0350551105924642		48.9723874866888	0.0641989757775596
41.1025294059297	0.0337988528943945		46.999891180753	0.0620413735155756		42.8368854866599	0.0333797611499511		48.9695854297449	0.0615619819508739
41.1013632284162	0.0321859579386995		46.9973075959546	0.0594946287043257		42.8356874924406	0.0317824292188803		48.9669200502224	0.0590294949651899
41.1002615501874	0.0306480849810135		46.9948498063631	0.0570488032497996		42.8345559151795	0.0302596135651503		48.9643846813342	0.0565975937101967
41.099220803898	0.0291818692011397		46.9925116869873	0.054700107242427		42.8334870727116	0.0288079613764183		48.9619729814823	0.054262490952088
41.0982376195066	0.027784088491802		46.9902874110631	0.0524448805819474		42.8324774870117	0.0274242625682468		48.9596789183964	0.0520205296027763
41.0973088133631	0.026451657963166		46.9881714355324	0.0502795893222952		42.8315238728767	0.0261054442617294		48.9574967540455	0.0498681790335521
41.0964313778996	0.0251816246230452		46.9861584872296	0.0482008220638103		42.8306231272356	0.0248485654374155		48.9554210302854	0.0478020314405237
41.0956024718915	0.0239711622220858		46.9842435497404	0.0462052863964735		42.8297723190522	0.0236508117604142		48.9534465552068	0.0458187982617129
41.0948194112576	0.0228175662671529		46.9824218509009	0.0442898054016429		42.8289686797871	0.0225094905718137		48.951568390149	0.0439153066528885
41.0940796603687	0.0217182491998077		46.9806888509044	0.0424513142098783		42.8282095943893	0.02142202604806		48.9497818373469	0.0420884960226834
41.0933808238368	0.0206707357330151		46.9790402309883	0.0406868566216344		42.8274925927865	0.0203859545217221		48.9480824281808	0.0403354146317862
41.0927206387587	0.0196726583482887		46.9774718826715	0.0389935817907454		42.8268153418476	0.0193989199642085		48.9464659119992	0.0386532162534999
41.0920969673887	0.0187217529460322		46.9759798975154	0.0373687409736591		42.8261756377903	0.0184586696210898		48.9449282454869	0.0370391569066891
41.091507790216	0.0178158546487391		46.974560557384	0.0358096843452467		42.8255713990108	0.0175630498040945		48.9434655825516	0.0354905916496263
41.0909511994254	0.0169528937506588		46.973210325178	0.0343138578819095		42.8250006593092	0.0167100018294228		48.9420742647041	0.0340049714494056
41.0904253927199	0.0161308918126851		46.9719258360202	0.0328788003155184		42.8244615614922	0.0158975581048305		48.940750811907	0.0325798401168812
41.0899286674844	0.0153479578978179		46.9707038888697	0.0315021401552498		42.8239523513296	0.0151238383558939		48.9394919138708	0.0312128313151226
41.0894594152725	0.0146022849449803		46.969541438545	0.0301815927795254		42.8234713718459	0.0143870459908336		48.9382944217734	0.0299016656374125
41.0890161165983	0.0138921462741282		46.9684355881349	0.0289149576001299		42.8230170579285	0.0136854646039257		48.9371553403847	0.0286441477566839
41.0885973360158	0.0132158922232467		46.9673835817796	0.0277001152938156		42.8225879312348	0.013017454603255		48.9360718205747	0.0274381636461521
41.0882017174714	0.0125719469107626		46.9663827978023	0.0265350251066093		42.8221825953818	0.012381449970797		48.9350411521865	0.0262816778724322
41.0878279799124	0.0119588051202433		46.9654307421762	0.0254177222264249		42.8217997314022	0.0117759551442967		48.9340607572583	0.0251727309562901
41.0874749131388	0.0113750293046254		46.9645250423093	0.0243463152272757		42.8214380934523	0.0111995420170729		48.9331281835749	0.0241094368083878
41.0871413738849	0.0108192467053208		46.9636634411312	0.0233189835784858		42.8210965047583	0.0106508470572504		48.9322410985338	0.0230899802285691
41.0868262821169	0.0102901465829763		46.9628437914689	0.022333975227486		42.8207738537867	0.0101285685341907		48.9313972833115	0.0221126144802881
41.0865286175359	0.00978647755537605		46.9620640506956	0.021389604246385		42.8204690906277	0.00963146386099478		48.930594627313	0.0211756589298216
41.086247416274	0.00930704504322319		46.9613222756403	0.0204842485448442		42.8201812235786	0.00915834703300926		48.9298311228929	0.0202774967522526
41.0859817677732	0.00885070881336571		46.9606166177454	0.0196163476542108		42.8199093159169	0.00870808617720576		48.9291048603338	0.0194165727073204
41.0857308118368	0.0084163806207953		46.9599453184599	0.018784400567648		42.8196524828519	0.00827960119300902		48.9284140230698	0.0185913909768993
41.0854937358443	0.00800302194798897		46.959306704857	0.0179869636529919		42.819409888646	0.00787186149172016		48.9277568831423	0.0178005130681947
41.0852697721195	0.00760964183082617		46.9586991854649	0.0172226486225098		42.8191807438951	0.007483883825497		48.9271317968785	0.0170425557819846
41.0850581954456	0.00723529477724616		46.9581212463008	0.0164901205654192		42.8189643029595	0.00711473020715593		48.9265372007797	0.016316189238633
41.0848583207157	0.00687907876730862		46.9575714470983	0.0157880960417115		42.818759861538	0.00676350591246432		48.925971607611	0.0156201349696031
41.0846695007154	0.00654013333725795		46.9570484177175	0.0151153412359111		42.818566754376	0.00642935756669281		48.9254336026811	0.0149531640649048
41.0844911240266	0.00621763774129076		46.956550854731	0.0144706701655016		42.8183843531007	0.00611147131029374		48.9249218403037	0.0143140953806507
41.0843226130475	0.00591080919227769		46.9560775181755	0.0138529429478988		42.8182120641762	0.0058090710394446		48.9244350404318	0.0137017938022962
41.0841634221225	0.00561890117084398		46.9556272284617	0.01326106412497		42.8180493269725	0.00552141672188778		48.9239719854562	0.0131151685665968
41.0840130357755	0.00534120181011929		46.9551988634348	0.0126939810374517		42.8178956119409	0.00524780278275984		48.9235315171593	0.0125531716326669
41.0838709670402	0.00507703234505695		46.9547913555779	0.0121506822546264		42.8177504188911	0.00498755655686081		48.9231125338187	0.0120147961120109
41.0837367558838	0.00482574562945806		46.9544036893515	0.0116301960550044		42.8176132753631	0.00474003681177889		48.9227139874514	0.0114990747461659
41.083609967717	0.00458672471351194		46.9540348986633	0.0111315889583618		42.8174837350905	0.00450463232649101		48.9223348811921	0.0110050784356481
41.083490191987	0.00435938148481868		46.9536840644597	0.0106539643030936		42.8173613765478	0.00428076053602103		48.9219742668003	0.0105319148208808
41.0833770408478	0.00414315536330979		46.9533503124364	0.010196460876605		42.8172458015789	0.00406786623409338		48.9216312422886	0.0100787269057626
41.0832701479047	0.00393751205797819		46.9530328108589	0.00975825158741822		42.8171366341015	0.00386542032755502		48.9213049496658	0.0096446917337288
41.0831691670275	0.00374194237061619		46.9527307684902	0.00933854218364699		42.8170335188836	0.00367291864951576		48.9209945727918	0.0092290191035141
41.08307377123	0.00355596105662871		46.9524434326185	0.00893657001761711		42.816936120387	0.00348988082062276		48.9206993353356	0.00883095033353178
41.082983651611	0.00337910573151864		46.9521700871819	0.00855160285013856		42.816844121676	0.00331584916131654		48.9204184988337	0.00844975706590467
41.0828985163541	0.00321093582819508		46.9519100509837	0.00818293769671846		42.8167572233857	0.00315038765194607		48.9201513608433	0.00808474011433902
41.0828180897826	0.00305103159664775		46.9516626759945	0.00782989971643732		42.8166751427481	0.00299308093694574		48.9198972531846	0.00773522835039977
41.0827421114674	0.00289899314916574		46.9514273457379	0.00749184113630961		42.8165976126719	0.00284353337502611		48.9196555402704	0.00740057763046686
41.0826703353828	0.00275443954802688		46.9512034737537	0.00716814021595026		42.8165243808734	0.00270136812775148		48.9194256175155	0.00708016975898973
41.0826025291108	0.00261700793165962		46.9509905021365	0.00685820024796076		42.8164552090555	0.00256622629268959		48.919206909825	0.0067734114913297
41.0825384730878	0.0024863526811381		46.9507879001455	0.00656144859466332		42.8163898721324	0.00243776607321491		48.9189988701559	0.00647973356895628
41.0824779598939	0.00236214462163132		46.9505951628818	0.00627733575829619		42.816328157497	0.00231566198225374		48.9188009781483	0.00619858979176283
41.0824207935813	0.00224407026333802		46.9504118100301	0.00600533448549859		42.8162698643291	0.00219960408717365		48.9186127388244	0.00592945612332452
41.0823667890397	0.00213183106944414		46.9502373846615	0.00574493890339271		42.8162148029421	0.00208929728458626		48.9184336813501	0.00567182982706991
41.082315771397	0.00202514276520803		46.9500714520954	0.00549566368884617		42.8161627941657	0.00198446060795544		48.9182633578574	0.00542522863593427
41.0822675754529	0.0019237346700731		46.9499135988157	0.00525704326413963		42.8161136687628	0.00188482656836495		48.9181013423243	0.00518918995239928
41.0822220451441	0.00182734906574953		46.9497634314405	0.00502863102814325		42.8160672668788	0.00179014052303258		48.917947229509	0.00496327007528019
41.0821790330388	0.00173574058975118		46.9496205757416	0.00480999860830653		42.8160234375213	0.00170016007259589		48.9178006339364	0.00474704345827025
41.0821383998595	0.00164867565633875		46.9494846757124	0.00460073514781401		42.8159820380692	0.00161465448812033		48.917661188934	0.00454010199440956
41.0821000140319	0.00156593190589918		46.94935539268	0.00440044661273931		42.8159429338082	0.0015334041589552		48.9175285457147	0.00434205432644681
41.0820637512588	0.00148729767562845		46.9492324044616	0.00420875513015983		42.8159059974926	0.00145620007282908		48.9174023725041	0.00415252518412802
41.0820294941177	0.00141257149874954		46.9491154045615	0.00402529834623424		42.8158711089313	0.00138284331214228		48.9172823537114	0.00397115474743471
41.0819971316805	0.00134156162152599		46.9490041014076	0.00384972881280981		42.8158381545964	0.00131314457993234		48.9171681891391	0.00379759802929645
41.0819665591544	0.00127408554841741		46.9488982176242	0.00368171339364617		42.8158070272542	0.00124692374311415		48.9170595932329	0.00363152428772716
41.0819376775424	0.00120996960157255		46.9487974893412	0.00352093269460526		42.815777625616	0.00118400939823922		48.916956294367	0.00347261645413453
41.0819103933231	0.00114904850451837		46.9487016655364	0.00336708051660937		42.8157498540085	0.00112423845687662		48.9168580341647	0.00332057058924945
41.0818846181472	0.00109116498569921		46.9486105074097	0.00321986332538624		42.8157236220626	0.00106745575287759		48.9167645668526	0.00317509535375742
41.0818602685523	0.00103616939632949		46.9485237877887	0.00307899974616719		42.8156988444192	0.00101351366124528		48.9166756586452	0.0030359115047116
41.0818372656918	0.000983919349552864		46.9484412905615	0.00294422007511608		42.8156754404517	0.000962271742495171		48.9165910871608	0.00290275140667604
41.0818155350802	0.000934279375241004		46.9483628101391	0.00281526580825011		42.8156533340033	0.000913596396684912		48.9165106408646	0.00277535856536166
41.0817950063516	0.000887120588893452		46.9482881509425	0.00269188919329985		42.8156324531392	0.000867360540044432		48.9164341185402	0.00265348717634917
41.0817756130319	0.000842320379019813		46.9482171269156	0.00257385279188385		42.8156127299131	0.000823443289832121		48.9163613287859	0.00253690169330446
41.0817572923235	0.000799762106978549		46.9481495610612	0.00246092906559275		42.8155941001452	0.000781729669714104		48.9162920895362	0.00242537641152535
41.0817399849022	0.000759334821614148		46.9480852850005	0.00235289997312669		42.8155765032141	0.000742110324362192		48.9162262276061	0.00231869506857966
41.0817236347248	0.000720932986571265		46.9480241385527	0.00224955658514917		42.8155598818592	0.000704481251918695		48.9161635782585	0.00221665045916362
41.0817081888477	0.000684456220628398		46.9479659693363	0.00215069871457348		42.8155441819944	0.000668743544593007		48.9161039847913	0.00211904406916775
41.0816935972557	0.000649809051042269		46.9479106323896	0.00205613455957731		42.8155293525322	0.000634803144441774		48.9160472981464	0.002025685715852
41.0816798126997	0.00061690067592788		46.9478579898087	0.00196568036219499		42.8155153452173	0.000602570608731856		48.9159933765362	0.00193639321264585
41.0816667905439	0.000585644742689033		46.9478079104045	0.00187916007993218		42.8155021144699	0.000571960889143307		48.9159420850889	0.00185099203701428
41.0816544886213	0.000555959130588732		46.9477602693754	0.00179640506934646		42.8154896172368	0.00054289311744978		48.9158932955119	0.00176931501935996
41.081642867097	0.000527765747963556		46.9477149479966	0.00171725378321336		42.815477812852	0.000515290404040162		48.91584688577	0.0016912020405297
41.0816318883394	0.000500990337618064		46.9476718333239	0.0016415514804212		42.8154666629038	0.000489079646243327		48.9158027397808	0.00161649973963473
41.081621516798	0.00047556229304175		46.9476308179123	0.00156914994348158		42.8154561311103	0.000464191343269466		48.915760747124	0.0015450612379478
41.0816117188889	0.000451414478733712		46.9475917995485	0.00149990721315393		42.8154461832007	0.000440559422530798		48.9157208027653	0.00147674587054525
41.0816024628854	0.00042848306422638		46.9475546809958	0.0014336873280595		42.8154367868046	0.000418121073477926		48.9156828067938	0.00141141892999677
41.0815937188156	0.000406707365079014		46.947519369752	0.0013703600792821		42.815427911346	0.000396816586876957		48.9156466641721	0.00134895141946678
41.0815854583654	0.000386029686220983		46.9474857778191	0.00130980076927899		42.8154195279439	0.000376589207538564		48.9156122844982	0.00128921981546444
41.0815776547866	0.000366395181031085		46.9474538214834	0.00125188998882376		42.8154116093188	0.000357384986018105		48.9155795817799	0.00123210584265457
41.0815702828103	0.00034775171001398		46.9474234211074	0.00119651339149027		42.8154041297033	0.000339152646406124		48.9155484742196	0.00117749625382496
41.0815633185655	0.000330049710378776		46.9473945009312	0.00114356148991243		42.8153970647586	0.00032184345197517		48.9155188840092	0.00112528262222848
41.0815567395011	0.000313242071174442		46.9473669888835	0.00109292944915048		42.8153903914955	0.000305411082882413		48.9154907371363	0.00107536113928734
41.0815505243136	0.000297284010167071		46.9473408164023	0.00104451689458459		42.8153840881989	0.000289811518788894		48.9154639631983	0.00102763242406447
41.0815446528774	0.000282132966763569		46.947315918264	0.000998227728138134		42.8153781343579	0.000275002924714791		48.915438495227	0.000982001336230344
41.0815391061803	0.000267748485202472		46.9472922324205	0.000953969945202304		42.8153725105987	0.00026094554380579		48.9154142695204	0.000938376799732193
41.0815338662616	0.00025409211942844		46.9472696998449	0.000911655469690265		42.8153671986214	0.000247601598082038		48.915391225484	0.000896671634127253
41.0815289161538	0.000241127329868746		46.9472482643845	0.00087119998439733		42.8153621811408	0.000234935188334411		48.9153693054789	0.000856802386989888
41.081524239828	0.000228819391323424		46.9472278726205	0.000832522776127107		42.81535744183	0.000222912202919423		48.9153484546774	0.000818689183436404
41.0815198221418	0.000217135304196742		46.9472084737351	0.000795546585555129		42.8153529652673	0.000211500230691533		48.9153286209266	0.000782255570861972
41.0815156487903	0.000206043711472888		46.947190019385	0.000760197459821584		42.8153487368857	0.00020066847590287		48.9153097546173	0.000747428377168659
41.0815117062597	0.000195514813760827		46.9471724635805	0.000726404616011007		42.8153447429262	0.000190387680484102		48.9152918085599	0.000714137573281718
41.0815079817837	0.000185520297764819		46.9471557625712	0.000694100305177519		42.8153409703924	0.000180630045648099		48.9152747378669	0.000682316137974954
41.0815044633022	0.000176033260048912		46.9471398747371	0.000663219688395614		42.8153374070083	0.000171369163455197		48.9152584998401	0.000651899935524229
41.0815011394218	0.00016702813781061		46.9471247604844	0.000633700710436182		42.8153340411787	0.000162579943560002		48.9152430538643	0.000622827587976377
41.0814979993796	0.00015848064476424		46.9471103821475	0.000605483983455019		42.8153308619512	0.000154238553536917		48.915228361305	0.000595040364187289
41.0814950330077	0.000150367705337972		46.9470967038943	0.000578512676249167		42.8153278589804	0.000146322351910341		48.9152143854125	0.00056848206349727
41.0814922307008	0.000142667398760552		46.9470836916377	0.000552732403227109		42.8153250224947	0.000138809831645087		48.9152010912295	0.000543098911311168
41.0814895833847	0.0001353588973411		46.9470713129503	0.000528091123190874		42.8153223432642	0.000131680564432266		48.9151884455039	0.000518839454248329
41.0814870824871	0.000128422417242531		46.9470595369833	0.000504539038388244		42.8153198125706	0.000124915144785012		48.9151764166057	0.000495654463705758
41.0814847199099	0.000121839162963935		46.9470483343903	0.000482028500883102		42.815317422179	0.000118495142347906		48.9151649744474	0.000473496838580226
41.0814824880028	0.000115591280558678		46.9470376772536	0.000460513919671913		42.815315164311	0.000112403051446609		48.9151540904093	0.000452321517554571
41.0814803795387	0.000109661810785756		46.9470275390147	0.000439951675336969		42.8153130316195	0.000106622245534783		48.9151437372678	0.000432085389804763
41.0814783876901	0.000104034644160606		46.9470178944085	0.000420300033690764		42.8153110171647	0.00010113693380636		48.9151338891269	0.000412747213973569
41.0814765060073	9.86944791687187E-05		46.9470087194	0.000401519068062958		42.8153091143915	9.59321197234256E-05		48.9151245213541	0.000394267536876079
41.0814747283971	9.36267822476341E-05		46.9469999911242	0.000383570579706645		42.8153073171083	9.09935615679735E-05		48.9151156105181	0.000376608618196207
41.0814730491035	8.88177492518232E-05		46.9469916878297	0.000366418027304521		42.8153056194668	8.63077347539009E-05		48.9151071343306	0.000359734356504586
41.0814714626887	8.42542708210236E-05		46.9469837888242	0.000350026452700301		42.8153040159427	8.18617945031163E-05		48.9150990715907	0.000343610219217498
41.0814699640159	7.99238940091749E-05		46.9469762744226	0.000334362415806914		42.8153025013182	7.76435453137117E-05		48.9150914021313	0.000328203175768322
41.0814685482321	7.58147942051462E-05		46.9469691258986	0.000319393929604948		42.8153010706647	7.36414057874827E-05		48.9150841067693	0.000313481633858362
41.0814672107528	7.1915741953406E-05		46.9469623254375	0.000305090394988665		42.8152997193268	6.98443785480198E-05		48.9150771672569	0.000299415376442659
41.0814659472473	6.82160704847753E-05		46.9469558560921	0.000291422546695544		42.8152984429073	6.6242021637654E-05		48.9150705662369	0.000285975503022706
41.0814647536241	6.47056543214326E-05		46.9469497017403	0.000278362389288188		42.8152972372526	6.28244214690174E-05		48.9150642871983	0.000273134374176106
41.0814636260181	6.13748742270798E-05		46.9469438470449	0.000265883150441458		42.8152960984396	5.95821628150287E-05		48.9150583144357	0.0002608655556657
41.0814625607781	5.82145989168548E-05		46.9469382774158	0.000253959220862258		42.8152950227625	5.65063096146972E-05		48.9150526330098	0.000249143768573742
41.0814615544547	5.52161563451766E-05		46.9469329789728	0.000242566109548267		42.8152940067211	5.35883753279904E-05		48.9150472287098	0.000237944837031844
41.0814606037893	5.23713120284858E-05		46.946927938512	0.000231680394114661		42.8152930470092	5.08203042580398E-05		48.9150420880182	0.000227245643524351
41.0814597057036	4.96722485605727E-05		46.9469231434722	0.000221279673839219		42.8152921405038	4.81944478446202E-05		48.9150371980768	0.0002170240803915
41.0814588572895	4.71115415035021E-05		46.9469185819037	0.000211342526907384		42.8152912842553	4.57035451792857E-05		48.9150325466547	0.000207259009493077
41.0814580557998	4.46821438067816E-05		46.9469142424388	0.000201848467619211		42.8152904754772	4.33407039634664E-05		48.9150281221175	0.000197930216619293
41.081457298639	4.23773626407763E-05		46.9469101142632	0.000192777907008019		42.8152897115379	4.10993803680529E-05		48.9150239133983	0.000189018373641625
41.0814565833555	4.0190846533978E-05		46.9469061870892	0.000184112111203299		42.8152889899515	3.89733629190541E-05		48.9150199099701	0.000180505001435922
41.0814559076332	3.81165616660164E-05		46.94690245113	0.000175833169180313		42.81528830837	3.69567553836947E-05		48.9150161018191	0.000172372430671984
41.0814552692838	3.61487835404585E-05		46.9468988970754	0.000167923952291657		42.8152876645754	3.50439610348695E-05		48.9150124794204	0.000164603766412369
41.0814546662405	3.42820753734914E-05		46.9468955160683	0.000160368084404321		42.8152870564729	3.3229667149062E-05		48.9150090337134	0.000157182858659079
41.0814540965505	3.25112766392972E-05		46.946892299683	0.00015314990666146		42.8152864820836	3.1508831364233E-05		48.9150057560794	0.00015009426469603
41.0814535583691	3.08314882387093E-05		46.9468892399042	0.000146254447902927		42.8152859395386	2.98766675460473E-05		48.9150026383204	0.000143323222133852
41.0814530499535	2.92380609416536E-05		46.9468863291065	0.000139667393239222		42.8152854270724	2.8328631971052E-05		48.9149996726379	0.000136855617511463
41.0814525696576	2.77265783387031E-05		46.946883560036	0.000133375058482093		42.8152849430173	2.68604147187037E-05		48.9149968516141	0.000130677959141541
41.081452115926	2.62928523899855E-05		46.9468809257921	0.00012736435934427		42.8152844857983	2.54679217573531E-05		48.9149941681929	0.000124777349260893
41.0814516872895	2.493290341819E-05		46.94687841981	0.000121622786967187		42.8152840539276	2.41472712049751E-05		48.9149916156623	0.000119141458215977
41.0814512823601	2.36429583015923E-05		46.9468760358447	0.000116138384648121		42.8152836459999	2.28947758302847E-05		48.9149891876379	0.000113758501106012
41.0814508998268	2.24194317867073E-05		46.946873767955	0.000110899719765003		42.8152832606877	2.17069382195936E-05		48.9149868780465	0.000108617211147368
41.0814505384507	2.12589240395852E-05		46.9468716104893	0.000105895865103306		42.8152828967373	2.0580439103672E-05		48.9149846811113	0.000103706821048633
41.0814501970616	2.01582063733675E-05		46.9468695580709	0.000101116373700495		42.8152825529644	1.95121273891979E-05		48.9149825913372	9.90170367466576E-05
41.0814498745543	1.91142152202146E-05		46.9468676055852	9.65512600311802E-05		42.8152822282502	1.84990148656459E-05		48.9149806034971	9.45380203062128E-05
41.0814495698842	1.81240428262317E-05		46.9468657481664	9.21909786777768E-05		42.8152819215383	1.75382631707981E-05		48.9149787126189	9.02603690252139E-05
41.081449282065	1.71849289572394E-05		46.9468639811856	8.80264058853804E-05		42.8152816318305	1.66271817096791E-05		48.9149769139731	8.61750945052204E-05
41.0814490101645	1.62942554022584E-05		46.9468623002395	8.40488204507395E-05		42.8152813581842	1.57632149107351E-05		48.9149752030608	8.22736080131971E-05
41.0814487533024	1.54495363154046E-05		46.9468607011389	8.02498865052857E-05		42.8152810997088	1.494394011462E-05		48.9149735756025	7.85476985971376E-05
41.0814485106468	1.4648413124676E-05		46.9468591798988	7.66216371566045E-05		42.8152808555634	1.41670564298268E-05		48.9149720275277	7.49895217882884E-05
41.0814482814122	1.38886465987966E-05		46.9468577327281	7.31564560787391E-05		42.8152806249534	1.3430382217938E-05		48.9149705549641	7.15915782742666E-05
41.0814480648561	1.31681135645869E-05		46.9468563560205	6.98470669962792E-05		42.8152804071284	1.27318460457839E-05		48.9149691542286	6.83467032796651E-05
41.0814478602774	1.24847981334471E-05		46.946855046345	6.66865123536905E-05		42.8152802013797	1.20694846716332E-05		48.9149678218175	6.52480476710532E-05
41.0814476670135	1.18367871561781E-05		46.9468538004378	6.36681451133182E-05		42.8152800070378	1.14414336092771E-05		48.9149665543981	6.2289068138136E-05
41.0814474844388	1.12222659729318E-05		46.9468526151941	6.07856116046051E-05		42.8152798234701	1.08459230501617E-05		48.9149653488003	5.94635108785312E-05
41.081447311962	1.06395122138504E-05		46.9468514876601	5.8032839836849E-05		42.8152796500795	1.02812775495273E-05		48.9149642020085	5.67653998158036E-05
41.0814471490245	1.00868912273484E-05		46.9468504150259	5.54040274027968E-05		42.8152794863017	9.74590347044069E-06		48.9149631111545	5.4189024408541E-05
41.0814469950989	9.56285363542978E-06		46.9468493946185	5.28936297285567E-05		42.8152793316038	9.23829096281767E-06		48.9149620735096	5.1728928866991E-05
41.0814468496866	9.06592732091899E-06		46.9468484238949	5.04963471722359E-05		42.8152791854823	8.75700761431767E-06		48.9149610864785	4.93798991763725E-05
41.0814467123168	8.5947160659976E-06		46.946847500436	4.82071158979836E-05		42.8152790474618	8.30069500406246E-06		48.9149601475923	4.71369530041105E-05
41.0814465825447	8.14789582727987E-06		46.9468466219405	4.60210972838633E-05		42.8152789170932	7.86806161371713E-06		48.9149592545026	4.49953303690439E-05
41.0814464599501	7.72421089508756E-06		46.9468457862191	4.39336681340131E-05		42.8152787939523	7.45788662705784E-06		48.9149584049757	4.29504839942693E-05
41.0814463441359	7.32246670013175E-06		46.9468449911891	4.19404098010399E-05		42.8152786776383	7.06900821818088E-06		48.9149575968866	4.09980671252196E-05
41.0814462347273	6.94153496503842E-06		46.9468442348693	4.00371004433294E-05		42.8152785677727	6.70032628116164E-06		48.9149568282141	3.91339287764964E-05
41.0814461313699	6.58034030845203E-06		46.9468435153748	3.82197062434024E-05		42.8152784639981	6.3507962355608E-06		48.9149560970356	3.73541024488837E-05
41.0814460337289	6.2378656965172E-06		46.9468428309126	3.64843738992235E-05		42.8152783659769	6.01942806397019E-06		48.9149554015221	3.56547971297079E-05
41.0814459414884	5.91314532274026E-06		46.946842179777	3.48274197486015E-05		42.8152782733899	5.70528259902721E-06		48.914954739934	3.40323932637055E-05
41.0814458543495	5.60526248899614E-06		46.9468415603454	3.32453252296102E-05		42.8152781859359	5.40746770838583E-06		48.9149541106166	3.24834317831849E-05
41.0814457720301	5.31334836308268E-06		46.9468409710739	3.17347302022596E-05		42.8152781033304	5.12513936926377E-06		48.9149535119958	3.10046077363895E-05
41.0814456942637	5.0365787933956E-06		46.9468404104942	3.02924205405378E-05		42.8152780253046	4.85749500238481E-06		48.9149529425741	2.95927640862601E-05
41.0814456207983	4.77417008622149E-06		46.9468398772093	2.89153296199744E-05		42.8152779516045	4.60377441510651E-06		48.9149524009275	2.82448856885981E-05
41.0814455513963	4.52538182998978E-06		46.94683936989	2.76005246995738E-05		42.8152778819904	4.36325661875068E-06		48.9149518857011	2.69580907894768E-05
41.0814454858327	4.28950875303166E-06		46.9468388872723	2.63452052905083E-05		42.8152778162357	4.13525702241184E-06		48.9149513956061	2.57296276397664E-05
41.0814454238953	4.06588488034497E-06		46.9468384281532	2.51466962397787E-05		42.8152777541264	3.91912686012309E-06		48.9149509294167	2.45568675235645E-05
41.0814453653836	3.85387523373542E-06		46.9468379913888	2.40024410137782E-05		42.8152776954605	3.71425166407152E-06		48.9149504859669	2.34372991266692E-05
41.0814453101081	3.65287991459764E-06		46.9468375758905	2.2909997200164E-05		42.815277640047	3.52004736839834E-06		48.9149500641475	2.23685231217492E-05
41.0814452578898	3.46232904084851E-06		46.9468371806229	2.1867032671613E-05		42.8152775877057	3.33595958329982E-06		48.9149496629035	2.13482485301641E-05
41.0814452085595	3.28168243330017E-06		46.9468368046009	2.08713195987925E-05		42.8152775382661	3.16146471209249E-06		48.9149492812311	2.0374286626181E-05
41.0814451619577	3.11042635393853E-06		46.9468364468875	1.99207274832103E-05		42.8152774915675	2.99606450812924E-06		48.9149489181757	1.94445470132962E-05
41.0814451179333	2.94807555414926E-06		46.9468361065913	1.90132245558593E-05		42.8152774474579	2.83928710219015E-06		48.9149485728293	1.85570324023095E-05
41.0814450763438	2.7941689643561E-06		46.9468357828641	1.81468677219505E-05		42.8152774057938	2.69068378811762E-06		48.914948244328	1.77098363858487E-05
41.0814450370546	2.64826873786044E-06		46.9468354748993	1.73198021009379E-05		42.8152773664394	2.54983094695158E-06		48.9149479318502	1.69011367921657E-05
41.0814449999384	2.5099597602964E-06		46.9468351819293	1.65302543508645E-05		42.8152773292669	2.41632581831581E-06		48.9149476346144	1.61291932191731E-05
41.081444964875	2.37884913978583E-06		46.9468349032241	1.57765332493478E-05		42.8152772941553	2.28978694879013E-06		48.9149473518769	1.53923456738243E-05
41.0814449317509	2.25456418444585E-06		46.9468346380891	1.50570203182466E-05		42.8152772609902	2.16985176915444E-06		48.9149470829307	1.46890051892371E-05
41.0814449004589	2.13674933286451E-06		46.9468343858636	1.43701718567775E-05		42.8152772296638	2.0561769963776E-06		48.914946827103	1.40176574030724E-05
41.0814448708976	2.02507003101375E-06		46.9468341459189	1.37145130688107E-05		42.8152772000742	1.94843759076549E-06		48.9149465837539	1.33768537559437E-05
41.0814448429712	1.91920863499333E-06		46.9468339176573	1.3088634970742E-05		42.815277172125	1.8463237526404E-06		48.9149463522749	1.27652125363165E-05
41.0814448165894	1.81886274800322E-06		46.9468337005097	1.24911907919207E-05		42.8152771457253	1.74954415525916E-06		48.9149461320868	1.21814134669637E-05
41.0814447916668	1.72374503618824E-06		46.946833493935	1.19208969046284E-05		42.8152771207892	1.65782048085677E-06		48.9149459226389	1.16241949914422E-05
41.0814447681226	1.63358506456258E-06		46.9468332974186	1.13765248868363E-05		42.8152770972356	1.5708896501385E-06		48.9149457234074	1.10923531063774E-05
41.0814447458805	1.54812607147617E-06		46.9468331104705	1.08569031421459E-05		42.8152770749878	1.48850266346968E-06		48.9149455338939	1.05847389263647E-05
41.0814447248686	1.46712269682885E-06		46.946832932625	1.03609113105583E-05		42.8152770539734	1.41042145067451E-06		48.9149453536244	1.01002533212234E-05
41.0814447050189	1.39034378460967E-06		46.9468327634388	9.88748051317007E-06		42.8152770341241	1.33642402731627E-06		48.914945182148	9.63784798340212E-06
41.081444686267	1.31757060889352E-06		46.9468326024904	9.43558973588746E-06		42.8152770153752	1.26629591223507E-06		48.9149450190358	9.19652156474371E-06
41.0814446685523	1.24859351481494E-06		46.9468324493785	9.00426341054627E-06		42.8152769976657	1.19983574843446E-06		48.9149448638798	8.77531819369237E-06
41.0814446518173	1.1832157311473E-06		46.9468323037217	8.5925710812963E-06		42.8152769809381	1.1368530728163E-06		48.9149447162919	8.37332429236888E-06
41.0814446360079	1.12125154483248E-06		46.9468321651569	8.19962230342526E-06		42.8152769651378	1.07716554091141E-06		48.914944575903	7.98966821969719E-06
41.0814446210729	1.06252131511478E-06		46.9468320333389	7.82456835088222E-06		42.8152769502136	1.02060209795337E-06		48.914944442362	7.62351781122855E-06
41.0814446069639	1.0068573512337E-06		46.9468319079391	7.46659829913597E-06		42.8152769361167	9.67000185055809E-07		48.9149443153347	7.2740774399194E-06
41.0814445936353	9.54101520012399E-07		46.9468317886451	7.12493719597219E-06		42.8152769228013	9.16203896248125E-07		48.9149441945035	6.94058919349209E-06
41.0814445810439	9.04100704698673E-07		46.9468316751595	6.79884636702915E-06		42.8152769102242	8.68068156067448E-07		48.9149440795662	6.62232692140084E-06
41.0814445691488	8.5671271160794E-07		46.9468315671995	6.48761889627607E-06		42.8152768983443	8.22453857039468E-07		48.9149439702352	6.31859942418675E-06
41.0814445579117	8.11800131074565E-07		46.9468314644961	6.19058072045939E-06		42.8152768871231	7.79228999162267E-07		48.9149438662371	6.02874650729404E-06
41.0814445472961	7.69235741487372E-07		46.9468313667934	5.9070873257069E-06		42.8152768765239	7.38268829056302E-07		48.9149437673118	5.75213579750216E-06
41.0814445372676	7.28895783999612E-07		46.9468312738478	5.63652523308642E-06		42.8152768665124	6.99455979114407E-07		48.9149436732118	5.48816671547318E-06
41.0814445277937	6.90665374606201E-07		46.9468311854278	5.37830552151625E-06		42.8152768570559	6.62676506365335E-07		48.9149435837018	5.23626342573408E-06
41.0814445188439	6.54433852008975E-07		46.946831101313	5.13186922645406E-06		42.8152768481237	6.2782613876231E-07		48.9149434985578	4.99587619986871E-06
41.081444510389	6.20098084371757E-07		46.9468310212937	4.89668034065552E-06		42.8152768396867	5.94802710834831E-07		48.914943417567	4.7664823662512E-06
41.0814445024018	5.87557764110268E-07		46.9468309451706	4.67222762398861E-06		42.8152768317175	5.63511389543935E-07		48.9149433405267	4.54757995448449E-06
41.0814444948563	5.56720328620299E-07		46.9468308727539	4.45802374566055E-06		42.81527682419	5.33861693380145E-07		48.9149432672442	4.33869243442174E-06
41.0814444877281	5.27496767325154E-07		46.9468308038632	4.25360260259032E-06		42.8152768170799	5.05767057133214E-07		48.9149431975363	4.13936271362021E-06
41.0814444809942	4.9980277968326E-07		46.9468307383269	4.05851928932317E-06		42.815276810364	4.79146996447559E-07		48.9149431312286	3.94915613379168E-06
41.0814444746328	4.73558319222673E-07		46.9468306759814	3.87234915468069E-06		42.8152768040204	4.53924075898543E-07		48.9149430681552	3.76765654841029E-06
41.0814444686232	4.48688219991022E-07		46.9468306166716	3.6946859264268E-06		42.8152767980284	4.30025545550992E-07		48.9149430081583	3.59446712583834E-06
41.0814444629459	4.25120642091137E-07		46.9468305602496	3.52514434876961E-06		42.8152767923687	4.07380793741282E-07		48.914942951088	3.42920897070194E-06
41.0814444575827	4.02787685264235E-07		46.9468305065748	3.36335281407037E-06		42.8152767870228	3.85925617435993E-07		48.9149428968014	3.27152059276045E-06
41.0814444525161	3.81623808692045E-07		46.9468304555135	3.20896005521195E-06		42.8152767819732	3.65597564572443E-07		48.9149428451627	3.12105603894764E-06
41.0814444477297	3.61569746510036E-07		46.9468304069383	3.06162817109454E-06		42.8152767772036	3.46337034889736E-07		48.9149427960429	2.97748696259428E-06
41.081444443208	3.42566517530551E-07		46.9468303607283	2.92103611856774E-06		42.8152767726984	3.28087866677901E-07		48.914942749319	2.84049807795426E-06
41.0814444389365	3.24558775423153E-07		46.9468303167682	2.78687633081221E-06		42.815276768443	3.10799001166405E-07		48.9149427048742	2.70978830605758E-06
41.0814444349012	3.07495987630713E-07		46.9468302749485	2.65885683135257E-06		42.8152767644235	2.94417603103151E-07		48.9149426625973	2.5850719359956E-06
41.081444431089	2.91326926791536E-07		46.9468302351651	2.53669594568226E-06		42.8152767606268	2.78897641670664E-07		48.9149426223826	2.46607577957918E-06
41.0814444274877	2.76005836325715E-07		46.9468301973187	2.42012810042483E-06		42.8152767570407	2.64193532877558E-07		48.9149425841294	2.352536720165E-06
41.0814444240856	2.61489146196882E-07		46.9468301613151	2.3088980355383E-06		42.8152767536533	2.50262316482858E-07		48.9149425477421	2.24420685613353E-06
41.0814444208717	2.47733258222653E-07		46.9468301270645	2.20276241088475E-06		42.8152767504538	2.3706478620316E-07		48.9149425131298	2.1408479111586E-06
41.0814444178355	2.346990767794E-07		46.9468300944816	2.10148767684031E-06		42.8152767474316	2.24560116976818E-07		48.9149424802057	2.04223277680064E-06
41.0814444149672	2.22349246471603E-07		46.9468300634851	2.00485356087877E-06		42.815276744577	2.12714569569015E-07		48.9149424488875	1.94814481162023E-06
41.0814444122576	2.10647047199582E-07		46.9468300339978	1.91264762943717E-06		42.8152767418806	2.01491214344836E-07		48.914942419097	1.85837576102415E-06
41.0814444096979	1.99559831190423E-07		46.9468300059463	1.82466733774612E-06		42.8152767393337	1.90859210254583E-07		48.9149423907596	1.77272956520097E-06
41.0814444072797	1.89053941435413E-07		46.9468299792607	1.7407206856953E-06		42.815276736928	1.80786202605867E-07		48.9149423638045	1.69101662792724E-06
41.0814444049953	1.79100437394339E-07		46.9468299538743	1.66062259151908E-06		42.8152767346557	1.71243819488301E-07		48.9149423381641	1.61305807139857E-06
41.0814444028372	1.69668842558556E-07		46.946829929724	1.58419837169444E-06		42.8152767325094	1.62203864475099E-07		48.9149423137744	1.53868086539007E-06
41.0814444007984	1.60733470871741E-07		46.9468299067496	1.51127864845634E-06		42.8152767304821	1.53639432915237E-07		48.9149422905744	1.46772209237564E-06
41.0814443988725	1.52267138909397E-07		46.9468298848939	1.44170426377461E-06		42.8152767285671	1.45526602605863E-07		48.914942268506	1.40002449786339E-06
41.081444397053	1.44245788259229E-07		46.9468298641023	1.37532307891758E-06		42.8152767267584	1.37841135937474E-07		48.9149422475141	1.33543891777765E-06
41.0814443953342	1.36645626689862E-07		46.946829844323	1.31198720123077E-06		42.8152767250499	1.3056071557046E-07		48.9149422275461	1.27382349012245E-06
41.0814443937105	1.2944488526655E-07		46.9468298255068	1.25155888759496E-06		42.8152767234361	1.23662733496343E-07		48.9149422085521	1.21504145265478E-06
41.0814443921765	1.22623265885051E-07		46.9468298076068	1.19390487897842E-06		42.8152767219118	1.17129911151346E-07		48.9149421904845	1.15896264175277E-06
41.0814443907274	1.16159034190011E-07		46.9468297905783	1.13889843689599E-06		42.815276720472	1.10940232687513E-07		48.9149421732983	1.1054645456745E-06
41.0814443893585	1.10036645537598E-07		46.9468297743789	1.08641701344852E-06		42.815276719112	1.05077054992702E-07		48.9149421569504	1.05442726267643E-06
41.0814443880652	1.04234454835545E-07		46.9468297589683	1.03634723215672E-06		42.8152767178274	9.95229518495347E-08		48.9149421413998	1.00573968617583E-06
41.0814443868435	9.87382306528165E-08		46.946829744308	9.88577172682997E-07		42.8152767166141	9.42619789880543E-08		48.9149421266078	9.59292084356298E-07
41.0814443856894	9.35305916168381E-08		46.9468297303616	9.43001831028742E-07		42.815276715468	8.92785577935602E-08		48.9149421125373	9.14983247280843E-07
41.081444384599	8.85980976017734E-08		46.9468297170942	8.99521750975022E-07		42.8152767143854	8.4558054325189E-08		48.9149420991532	8.72714444478767E-07
41.081444383569	8.39241553235618E-08		46.9468297044728	8.58039649818418E-07		42.8152767133629	8.00856491087541E-08		48.9149420864218	8.32391858757915E-07
41.081444382596	7.94961481284458E-08		46.9468296924659	8.18464935886963E-07		42.815276712397	7.58503577984697E-08		48.9149420743115	7.93927625317104E-07
41.0814443816768	7.53012985282777E-08		46.9468296810436	7.80709332760681E-07		42.8152767114847	7.18375982481918E-08		48.9149420627919	7.57234179643213E-07
41.0814443808084	7.13278696334158E-08		46.9468296701775	7.4469042201496E-07		42.815276710623	6.80372287426437E-08		48.9149420518342	7.22231962118359E-07
41.081444379988	6.7563374261787E-08		46.9468296598405	7.10327730758916E-07		42.815276709809	6.44378196560641E-08		48.914942041411	6.88842797536215E-07
41.0814443792131	6.39969826297117E-08		46.9468296500068	6.77546788507775E-07		42.8152767090402	6.10272185557867E-08		48.9149420314962	6.56992341774543E-07
41.0814443784809	6.06183353941022E-08		46.9468296406519	6.46272676167445E-07		42.815276708314	5.77977814688977E-08		48.914942022065	6.26610146096709E-07
41.0814443777893	5.74175516941825E-08		46.9468296317525	6.16439118563261E-07		42.8152767076281	5.47382635299034E-08		48.9149420130938	5.97628750500356E-07
41.081444377136	5.43858459513751E-08		46.9468296232863	5.87977477131654E-07		42.8152767069802	5.18407950336801E-08		48.9149420045603	5.69983735158624E-07
41.0814443765187	5.15137128532057E-08		46.9468296152325	5.60826878729748E-07		42.8152767063682	4.90956470765953E-08		48.914941996443	5.43613771861349E-07
41.0814443759356	4.87921432612942E-08		46.9468296075707	5.34926188804469E-07		42.8152767057901	4.64965030220513E-08		48.9149419887216	5.18460186121772E-07
41.0814443753848	4.62150865858727E-08		46.946829600282	5.10217588901463E-07		42.8152767052441	4.40340166288944E-08		48.9149419813768	4.94467492808136E-07
41.0814443748644	4.37739542704921E-08		46.9468295933482	4.86647141605305E-07		42.8152767047283	4.17016872733149E-08		48.9149419743904	4.71580988052051E-07
41.0814443743728	4.14600548246936E-08		46.946829586752	4.64162799543128E-07		42.8152767042412	3.9492341000151E-08		48.9149419677447	4.49751700464933E-07
41.0814443739084	3.9269541089858E-08		46.946829580477	4.4271392468402E-07		42.8152767037811	3.74005007110922E-08		48.9149419614231	4.28929057550545E-07
41.0814443734697	3.71941743243356E-08		46.9468295745075	4.22253376946369E-07		42.8152767033464	3.54188332015412E-08		48.9149419554099	4.09067813549911E-07
41.0814443730552	3.52281057855183E-08		46.9468295688287	4.02736017273456E-07		42.8152767029359	3.35423089723294E-08		48.91494194969	3.90124647248313E-07
41.0814443726637	3.33660391969292E-08		46.9468295634263	3.84118222921444E-07		42.8152767025481	3.17646384438023E-08		48.9149419442492	3.72054705769013E-07
41.0814443722938	3.16019891067285E-08		46.946829558287	3.66357914202114E-07		42.8152767021818	3.00806591512432E-08		48.9149419390737	3.54820584922434E-07
41.0814443719444	2.99305257458951E-08		46.946829553398	3.49417185299084E-07		42.8152767018359	2.84863512059838E-08		48.9149419341506	3.38381913004217E-07
41.0814443716143	2.83480391865359E-08		46.946829548747	3.33257665072443E-07		42.8152767015091	2.69758339747359E-08		48.9149419294677	3.22702851566602E-07
41.0814443713024	2.68483558005742E-08		46.9468295443224	3.17842611014635E-07		42.8152767012004	2.554618530766E-08		48.9149419250132	3.07748635354069E-07
41.0814443710078	2.54283875677137E-08		46.9468295401133	3.03139560123733E-07		42.8152767009088	2.41908048567848E-08		48.914941920776	2.93484582060047E-07
41.0814443707295	2.40837421007517E-08		46.9468295361091	2.8911407511565E-07		42.8152767006334	2.29084936130098E-08		48.9149419167455	2.79880653233167E-07
41.0814443704666	2.28087065621402E-08		46.9468295322999	2.75736054371662E-07		42.8152767003733	2.16931544875027E-08		48.9149419129116	2.6690543051161E-07
41.0814443702183	2.1602592580688E-08		46.9468295286761	2.62975561409413E-07		42.8152767001276	2.05422912840119E-08		48.9149419092647	2.54529663137533E-07
41.0814443699836	2.04589595432305E-08		46.9468295252289	2.50803891917909E-07		42.8152766998955	1.9452763851043E-08		48.9149419057956	2.42726810018807E-07
41.081444369762	1.93757712863846E-08		46.9468295219494	2.39193593814561E-07		42.8152766996763	1.84201657721712E-08		48.9149419024958	2.31469499930787E-07
41.0814443695526	1.83509659132652E-08		46.9468295188296	2.28119553000096E-07		42.8152766994692	1.74431217816386E-08		48.9149418993569	2.2073311246751E-07
41.0814443693548	1.73786005931458E-08		46.9468295158618	2.17557424228775E-07		42.8152766992737	1.65177673749353E-08		48.9149418963712	2.10492734008122E-07
41.0814443691679	1.64591095788805E-08		46.9468295130384	2.07482037910154E-07		42.8152766990889	1.56401947564424E-08		48.9149418935311	2.00726763102655E-07
41.0814443689914	1.55877611227029E-08		46.9468295103525	1.97872762026781E-07		42.8152766989144	1.48107981844715E-08		48.9149418908295	1.91412824753948E-07
41.0814443688246	1.4761714085106E-08		46.9468295077974	1.8870710393565E-07		42.8152766987496	1.40237488204539E-08		48.9149418882597	1.8252931686902E-07
41.081444368667	1.39806910267664E-08		46.9468295053667	1.79965006588038E-07		42.8152766985939	1.32800183951693E-08		48.9149418858152	1.74057498772173E-07
41.0814443685182	1.32398540492198E-08		46.9468295030543	1.71627259342679E-07		42.8152766984468	1.25743308047409E-08		48.91494188349	1.65977368192045E-07
41.0814443683776	1.25382268877163E-08		46.9468295008545	1.63673884710475E-07		42.8152766983079	1.19063698694637E-08		48.9149418812782	1.58272341768671E-07
41.0814443682448	1.18741666189577E-08		46.9468294987619	1.56088480036982E-07		42.8152766981767	1.12745562369244E-08		48.9149418791743	1.50923026809021E-07
41.0814443681193	1.12447002192369E-08		46.9468294967711	1.4885390523693E-07		42.8152766980528	1.06754018806479E-08		48.914941877173	1.43915049996101E-07
41.0814443680007	1.06494505319083E-08		46.9468294948773	1.41953368549127E-07		42.8152766979358	1.01085395992654E-08		48.9149418752693	1.37230716196801E-07
41.0814443678888	1.00847408828067E-08		46.9468294930756	1.35372623451865E-07		42.8152766978252	9.57106347710314E-09		48.9149418734585	1.30856342692365E-07
41.081444367783	9.55015712337672E-09		46.9468294913617	1.29095610934801E-07		42.8152766977207	9.06321006914806E-09		48.914941871736	1.24778087296288E-07
41.081444367683	9.0439550046541E-09		46.9468294897313	1.23108841295533E-07		42.8152766976221	8.58076235757614E-09		48.9149418700975	1.1898036074998E-07
41.0814443675886	8.56503441940831E-09		46.9468294881802	1.17399772861492E-07		42.8152766975289	8.12519997063947E-09		48.9149418685389	1.13451642794538E-07
41.0814443674994	8.11028724304429E-09		46.9468294867046	1.11954060831434E-07		42.8152766974409	7.69353968711294E-09		48.9149418670564	1.08179747650407E-07
41.0814443674152	7.68057313537888E-09		46.9468294853009	1.067605254064E-07		42.8152766973578	7.28404908959164E-09		48.9149418656462	1.03151817587232E-07
41.0814443673356	7.27274858825112E-09		46.9468294839656	1.0180730284207E-07		42.8152766972792	6.89754684386397E-09		48.9149418643048	9.83569882215304E-08
41.0814443672604	6.8876571780388E-09		46.9468294826953	9.70835095152387E-08		42.8152766972051	6.53035011346542E-09		48.9149418630288	9.37848073425144E-08
41.0814443671893	6.52212001301508E-09		46.9468294814868	9.2578138786136E-08		42.815276697135	6.18325746474106E-09		48.914941861815	8.94241675069871E-08
41.0814443671222	6.17629149419475E-09		46.9468294803371	8.82817397734033E-08		42.8152766970688	5.85383841115762E-09		48.9149418606604	8.52659906274728E-08
41.0814443670589	5.84830192178906E-09		46.9468294792435	8.41836327671639E-08		42.8152766970063	5.54288069628298E-09		48.9149418595622	8.13005562443903E-08
41.081444366999	5.53829122171769E-09		46.946829478203	8.02758317191849E-08		42.8152766969473	5.24857768938298E-09		48.9149418585176	7.75196581987679E-08
41.0814443669424	5.24436556903331E-09		46.9468294772133	7.65485688467381E-08		42.8152766968915	4.96910420639115E-09		48.9149418575238	7.39133715522159E-08
41.0814443668889	4.96597088926089E-09		46.9468294762717	7.29942291569918E-08		42.8152766968389	4.70457620563446E-09		48.9149418565786	7.04754667742439E-08
41.0814443668384	4.70254667454977E-09		46.946829475376	6.96045458030307E-08		42.8152766967891	4.45445486742025E-09		48.9149418556795	6.71958298800167E-08
41.0814443667907	4.45284324168631E-09		46.9468294745239	6.63717286271309E-08		42.8152766967421	4.2168825393505E-09		48.9149418548242	6.40696980565346E-08
41.0814443667457	4.21628239103691E-09		46.9468294737133	6.32890397980581E-08		42.8152766966977	3.99327236690321E-09		48.9149418540106	6.10878742585245E-08
41.0814443667031	3.99296544826755E-09		46.9468294729421	6.03485260274254E-08		42.8152766966558	3.78043394997571E-09		48.9149418532367	5.82449031457017E-08
41.0814443666629	3.7809310379869E-09		46.9468294722085	5.75450065795476E-08		42.8152766966162	3.57911174102715E-09		48.9149418525006	5.55330685366163E-08
41.0814443666249	3.57957683540282E-09		46.9468294715106	5.48715229956546E-08		42.8152766965788	3.38873135981129E-09		48.9149418518004	5.2948429391593E-08
41.081444366589	3.38967564976133E-09		46.9468294708467	5.23216162374894E-08		42.8152766965434	3.20804818695198E-09		48.9149418511343	5.04831319239462E-08
41.0814443665551	3.20992954753163E-09		46.9468294702152	4.98893333729908E-08		42.81527669651	3.03780203657531E-09		48.9149418505008	4.8132561857169E-08
41.0814443665231	3.03972172882645E-09		46.9468294696143	4.75709651852819E-08		42.8152766964785	2.8754031727123E-09		48.9149418498981	4.58914985514955E-08
41.0814443664928	2.87773335164423E-09		46.9468294690428	4.53592897996858E-08		42.8152766964487	2.72291797274954E-09		48.9149418493248	4.37535523656704E-08
41.0814443664643	2.72472435847976E-09		46.946829468499	4.32510680028338E-08		42.8152766964206	2.5770694543669E-09		48.9149418487795	4.17161692436337E-08
41.0814443664373	2.58006347435062E-09		46.9468294679818	4.12395372264648E-08		42.8152766963941	2.44059578019186E-09		48.9149418482608	3.97722940234799E-08
41.0814443664117	2.44311299089872E-09		46.9468294674897	3.93219416320843E-08		42.815276696369	2.31019986846096E-09		48.9149418477674	3.79198401211421E-08
41.0814443663876	2.31322876639041E-09		46.9468294670216	3.74931586494486E-08		42.8152766963453	2.18727785743091E-09		48.914941847298	3.61527657665451E-08
41.0814443663649	2.19046387617453E-09		46.9468294665762	3.57497672146137E-08		42.8152766963229	2.07053255995067E-09		48.9149418468516	3.44683432895465E-08
41.0814443663434	2.07416613679786E-09		46.9468294661526	3.40865498206386E-08		42.8152766963017	1.96068832903605E-09		48.9149418464269	3.28615584582342E-08
41.0814443663231	1.96367693143161E-09		46.9468294657496	3.25011738327568E-08		42.8152766962817	1.85575763896281E-09		48.9149418460229	3.13307368612336E-08
41.0814443663039	1.85903968536119E-09		46.9468294653662	3.09883348301494E-08		42.8152766962629	1.75713972020971E-09		48.9149418456387	2.98696515401148E-08
41.0814443662857	1.76100790770576E-09		46.9468294650014	2.95468073271395E-08		42.815276696245	1.66351574007135E-09		48.9149418452732	2.84771238481613E-08
41.0814443662686	1.66678308007183E-09		46.9468294646545	2.81717996947872E-08		42.8152766962282	1.57492280521238E-09		48.9149418449255	2.71496834327663E-08
41.0814443662524	1.5778207536928E-09		46.9468294643244	2.68608442475312E-08		42.8152766962123	1.49071232205727E-09		48.9149418445948	2.58838239324759E-08
41.0814443662371	1.49415952882237E-09		46.9468294640104	2.56102578426577E-08		42.8152766961973	1.4109167589376E-09		48.9149418442802	2.46765746174319E-08
41.0814443662227	1.41512148850487E-09		46.9468294637117	2.44187026750171E-08		42.8152766961831	1.33625737664708E-09		48.9149418439809	2.35260797459958E-08
41.0814443662091	1.33930415685576E-09		46.9468294634275	2.32812427049185E-08		42.8152766961697	1.26470026613072E-09		48.9149418436963	2.24281661500335E-08
41.0814443661962	1.26889086072512E-09		46.9468294631572	2.21976807047161E-08		42.815276696157	1.19765238842237E-09		48.9149418434255	2.1382647998175E-08
41.081444366184	1.20031348916125E-09		46.9468294629	2.11636161579203E-08		42.8152766961451	1.13375935026307E-09		48.9149418431679	2.03847200384227E-08
41.0814443661725	1.13720127018422E-09		46.9468294626553	2.01788130599243E-08		42.8152766961338	1.0730443433182E-09		48.9149418429229	1.94335772158452E-08
41.0814443661616	1.07669456833218E-09		46.9468294624226	1.92382110173355E-08		42.8152766961231	1.01553055925316E-09		48.9149418426899	1.85272454740216E-08
41.0814443661514	1.01881268373196E-09		46.9468294622012	1.83427386715095E-08		42.815276696113	9.61939258861681E-10		48.9149418424682	1.7661988252085E-08
41.0814443661417	9.65030467743826E-10		46.9468294619906	1.74878845236205E-08		42.8152766961035	9.10199426424125E-10		48.9149418422573	1.68381064811119E-08
41.0814443661325	9.13918102636846E-10		46.9468294617902	1.66733390265498E-08		42.8152766960945	8.61727299640525E-10		48.9149418420568	1.60518185891767E-08
41.0814443661238	8.64763896233361E-10		46.9468294615996	1.58963563703271E-08		42.815276696086	8.15843362714847E-10		48.914941841866	1.53028139999763E-08
41.0814443661157	8.19047524925337E-10		46.9468294614183	1.51553821336766E-08		42.815276696078	7.71861915406956E-10		48.9149418416845	1.45884338459859E-08
41.0814443661079	7.75324695886703E-10		46.9468294612458	1.44494562525327E-08		42.8152766960705	7.31208472083043E-10		48.9149418415118	1.39071676846869E-08
41.0814443661007	7.33609884212598E-10		46.9468294610817	1.3776384485765E-08		42.8152766960633	6.91784187024989E-10		48.9149418413476	1.32580780000331E-08
41.0814443660938	6.95392416358413E-10		46.9468294609255	1.31333381209354E-08		42.8152766960565	6.55725012615543E-10		48.9149418411914	1.26390376980049E-08
41.0814443660872	6.57740281386593E-10		46.946829460777	1.25217626026885E-08		42.8152766960502	6.19501950437316E-10		48.9149418410428	1.20484900389948E-08
41.0814443660811	6.22880231432652E-10		46.9468294606357	1.19381880615953E-08		42.8152766960441	5.87386905255805E-10		48.9149418409015	1.14854550679587E-08
41.0814443660753	5.90089315911605E-10		46.9468294605013	1.13809638025459E-08		42.8152766960384	5.55840055876436E-10		48.9149418407671	1.09489425416105E-08
41.0814443660698	5.57894291807104E-10		46.9468294603735	1.08508967874671E-08		42.8152766960331	5.25581116981924E-10		48.9149418406392	1.04379519284223E-08
41.0814443660646	5.28536386349804E-10		46.9468294602518	1.03444609871936E-08		42.815276696028	4.98052610159749E-10		48.9149418405175	9.95028025859022E-09
41.0814443660597	5.00540748179454E-10		46.9468294601361	9.86182488093466E-09		42.8152766960232	4.71118583027162E-10		48.9149418404018	9.48489870792089E-09
41.0814443660551	4.73917027359479E-10		46.9468294600261	9.40253451082076E-09		42.8152766960186	4.46223103282671E-10		48.9149418402917	9.04196545813408E-09
41.0814443660507	4.48674873953305E-10		46.9468294599213	8.96363547357508E-09		42.8152766960144	4.22658825131772E-10		48.914941840187	8.61923895851865E-09
41.0814443660466	4.24823938024358E-10		46.9468294598217	8.54527217994842E-09		42.8152766960103	3.99712218335854E-10		48.9149418400874	8.21626073929346E-09
41.0814443660427	4.01620360516895E-10		46.946829459727	8.14696259220313E-09		42.8152766960065	3.7811227424379E-10		48.9149418399927	7.8325671865564E-09
41.081444366039	3.80579201388776E-10		46.9468294596368	7.76633596718019E-09		42.8152766960029	3.58594168648556E-10		48.9149418399026	7.46648195988754E-09
41.0814443660355	3.60201484121183E-10		46.946829459551	7.40414578134327E-09		42.8152766959995	3.38989480835853E-10		48.9149418398169	7.11691836373271E-09
41.0814443660322	3.41250367896713E-10		46.9468294594695	7.05862902010965E-09		42.8152766959962	3.20756193503423E-10		48.9149418397353	6.78459850407257E-09
41.0814443660291	3.22975560284005E-10		46.9468294593918	6.72927021732713E-09		42.8152766959932	3.03903583317424E-10		48.9149418396578	6.46721138456294E-09
41.0814443660262	3.06143437153461E-10		46.946829459318	6.41491542412589E-09		42.8152766959903	2.8770884337309E-10		48.914941839584	6.1648611736534E-09
41.0814443660234	2.8923733020332E-10		46.9468294592478	6.11566893715925E-09		42.8152766959876	2.72176612003499E-10		48.9149418395138	5.87643159709422E-09
41.0814443660208	2.73786774486578E-10		46.9468294591809	5.83036343619157E-09		42.8152766959851	2.5731152754173E-10		48.914941839447	5.60140759977364E-09
41.0814443660183	2.59035044196258E-10		46.9468294591174	5.55782090389452E-09		42.8152766959826	2.43854950224863E-10		48.9149418393835	5.33926898245891E-09
41.081444366016	2.4575494857838E-10		46.9468294590569	5.29812959128248E-09		42.8152766959803	2.31077888704029E-10		48.9149418393231	5.09010448123672E-09
41.0814443660138	2.32416952579947E-10		46.9468294589994	5.05137774936983E-09		42.8152766959782	2.1824516718625E-10		48.9149418392657	4.85154137031129E-09
41.0814443660117	2.20563458005192E-10		46.9468294589446	4.81508900120759E-09		42.8152766959762	2.06839506145689E-10		48.914941839211	4.62488625640809E-09
41.0814443660097	2.07885687179478E-10		46.9468294588926	4.58997804629858E-09		42.8152766959742	1.96127275900396E-10		48.914941839159	4.40774840930796E-09
41.0814443660078	1.97476485430792E-10		46.9468294588431	4.37547727016395E-09		42.8152766959724	1.85368662324316E-10		48.9149418391096	4.20205108723724E-09
41.0814443660061	1.86246224118956E-10		46.9468294587959	4.17165887817911E-09		42.8152766959707	1.75309663987609E-10		48.9149418390626	4.0053894136441E-09
41.0814443660044	1.76522981045457E-10		46.9468294587511	3.97665555910795E-09		42.8152766959691	1.65954919223354E-10		48.9149418390178	3.81782511798015E-09
41.0814443660029	1.67537163652084E-10		46.9468294587085	3.79052748409664E-09		42.8152766959675	1.56559975572416E-10		48.9149418389752	3.63941992969699E-09
41.0814443660014	1.58512746005007E-10		46.9468294586679	3.61333482429135E-09		42.8152766959661	1.49376743744512E-10		48.9149418389348	3.46836247519929E-09
41.081444366	1.50232187413674E-10		46.9468294586293	3.44513775083826E-09		42.8152766959647	1.40658223667554E-10		48.9149418388962	3.30657987080411E-09
41.0814443659986	1.41916245256445E-10		46.9468294585926	3.28338901854955E-09		42.8152766959634	1.32656326051257E-10		48.9149418388596	3.15162608699192E-09
41.0814443659974	1.34350595530577E-10		46.9468294585577	3.13009232659265E-09		42.8152766959622	1.26130964465017E-10		48.9149418388248	3.0035474208514E-09
41.0814443659962	1.26752778926622E-10		46.9468294585245	2.98399477799066E-09		42.815276695961	1.19577772880306E-10		48.9149418387916	2.86364919307779E-09
41.0814443659951	1.20700580814708E-10		46.9468294584929	2.84448864416729E-09		42.81527669596	1.12996751297122E-10		48.9149418387601	2.72883142777368E-09
41.081444365994	1.13832148171357E-10		46.9468294584628	2.71161805062972E-09		42.8152766959589	1.07147813284862E-10		48.9149418387301	2.60165718321061E-09
41.081444365993	1.07726874710601E-10		46.9468294584342	2.58476858311874E-09		42.8152766959579	1.01274137496182E-10		48.9149418387016	2.47900976509802E-09
41.0814443659921	1.02389585464153E-10		46.946829458407	2.46398035573181E-09		42.815276695957	9.53757239310827E-11		48.9149418386744	2.36345866185867E-09
41.0814443659912	9.62344533423631E-11		46.9468294583811	2.3486322685268E-09		42.8152766959562	9.09816763945131E-11		48.9149418386486	2.25250640276333E-09
41.0814443659904	9.16474565272745E-11		46.9468294583565	2.23876042419141E-09		42.8152766959553	8.58029775121275E-11		48.9149418386241	2.14745830850725E-09
41.0814443659896	8.62426168368449E-11		46.9468294583331	2.13373703710062E-09		42.8152766959546	8.1370277199902E-11		48.9149418386007	2.04643741795279E-09
41.0814443659888	8.24155625165421E-11		46.9468294583108	2.0342594239817E-09		42.8152766959538	7.69190235553616E-11		48.9149418385785	1.95011053778021E-09
41.0814443659881	7.77706653208984E-11		46.9468294582896	1.93903056235056E-09		42.8152766959531	7.24492165785063E-11		48.9149418385574	1.85914961879078E-09

